Matrix size: 500
Generation time (seconds): 0.6630120277404785
300498542035086155400052184939170971927898323437868330641344964944752587201967540976541158770666563555018884119560775379163465533934857718153999389791
629504844905703630287358584359328788892633204169027270486304589100604209812406400777608375055082243155448745630364559913068763326779875601596741924356
1528343806023224218321120267407168353459670320236086359708521981241642683300207111293775138172817213384394879947891824671306524070903099969118487864614
1443027348360755354210067733387063855108822465719933567095890361164153374537286360543843806564829886944006355363203332622387771811164220559782848331553
1221235008128117667870703197439666125198714329094551563531767607534885620773512576425796117218295037699631808736559228737380082899467038227645031596265
736697232666307925795717774251592103637999284160000023705815226387908744449731033342669677994368301601369904829358344587995201636969993947936819722888
715681909981226027207479481730586215794263413339021790649139530080930896575303940103779847739603844575390467422494884993770967714753206170485777966790
2806722844625369326938637557266754210875090488162507931824964069644518925373353193054485083253988926063015355402329606532287106785496280123410290196639
1276347945195401823459545596753162307559417646367667228746261126657040407698769717072624400417248376551869768053750461554176454774786961226798153863493
1679280215150146393485165969419662946378922187506255732635620755398176668444578981467290256718960173387800705374285552929455956461380560813666057030289
785534103576409673118713605565206175991070740666646159534139669343982927421390235731373139632615267630990518798223182496869889544056898166617772785306
944982884373342642156409062656699493213031875506456508030376010136008445305325872359951075414710696222924374601460692106580872622813201212822252342841
1301651948462528761081911631054473626004825416792170714497880579052379578220028080698269385820163090143159620299857641918304585718822316974044715104
2606228419476611780131742869169665565347714989293175428811486897882428515564913998374023799028278292995158662623745964982041750591745248408581748125469
744605168936661155525990531580213161157348390322576258974102513553220452649686455989687046432982622266598756135363113629533066079946806487065851908899
901220333529556206442498353717573582783338552451243379256517133068228637062613531137667595530930767216797542445480709725154450141758117283702615244813
2220026926322807972548793302789497234011258526658443176836872786732229581418414113892193743073827251268406753204018214830865525312444061409518121077166
2781083998251033109974451025737160260763438347865110104187875727184067662738485549715915623770453710678490659769640324233814757783559578414172541401647
1568609224693522532446358817819138737293661182041677086329240929010833548456953225976105581922254418342507312495946393553850783487507448866089131853287
2640750584641076632746320483102201831572014173644145398528457607306548913733005976442256663416553614164007723779942048193273705298436037548168210846780
623580129930289130053021014025195252927743583236391794574752761306826567475403832863548618474013822252943962021945254698481737235969106649789200990085
650071640110118977223325936796896129879400812525035992417191860276450034654583589868353238329763754563877087147755054789512568362195161930761981331541
1221690293406044801397557019929132199806060325928564433802383740794920919510956203324415110756003830774232629161480739796445212882307398887237745059423
2418904520156228653515497984846439759888473626771237841479031632824330672816229252146666390394795637026391958470268755438356633063808318187008120654214
1724046710327946682501493816326280831321085066457033394534916259672369192526265127150469585716365278665675637846942289250446932696457605361492458427140
763352968576615300457569646195945427678996979946104838323490875437715900154807793951009974464484601713027454969874969980621352875387200248284742170926
1436916189380786236111609891425119876101587455449099267824160955775376914739358570013739542711948646127129792726733297864001894135374793491537510495576
2748464244192932572556106698583133362732647277241475960674414130338508900667576793784688194040498251190879158420654885799158396517177451223596667246433
720136999734399267733145353141027203342950583835521238556724964096408655933232265061704463422521135705051858593006798714990251244406319418486946446980
2311799733866429994622403619121702020471160423837251127553932589885537106349975536432371588516968103459387720336888807098161278223367895716698648044145
2480281158645076798525838124553840072696858458977446156912971709799802021624565707684625328848331717349568803183172214675786328013513480558994595259712
2288676425444772656696446689928822644453001491392931315810858271814711913549468267109584003781275895113216147775397745407317406158333323758189686340983
1288590706689344353419785185432058715771967108449972811284197816109548796604512621705008589709959350440341187001159292941422035265875280934017062293890
2377637046244732485268401879108594550755809754989448929439513995084420312173089725118580506654078254787106158912618569158298567012391197867228917430998
2591110992752256540045619354249375431117805311324215611106890374752229718800574408441708645050475552101102592261219696755939936149819125509348434019497
2106664528355864371505448121555005840059780636759021667892144895019888888685954395565393350854265504536121094835333823770760055736428529396217404512012
2442009799886200862785796986281043861847838589743638633611063774744595408105123233027238438142140601793502264282712867532988404795068955331304451975299
1017529697602668357984806134508241656266947000326736570341883142296121931494531385118832255973891882393511581564257097116682919408260451896130211405261
517987144677237217805373899498661256330764722233234048602900176560756422231668217411684743004560662982611379982544067279881361579241249862676798068551
3004006291364122292021298622357576262793601101562162841298672566789189950543790265103586564248841567240768221864527950760238364301839370227489268079300
770902805919703537485295982305628369877244431303815100098120183017944457418201979577341732097337339800379205010206148437069350245697459474566582986941
644207463654739029409423417580921748024717144804114291195233924094844354410739283451183122486891730533862463736489623858666741727517527862719407340265
1563597796397299332161630994837287714116476566707322392823370302632855090931574807987805539763785206073022838907835508901131347618838219497302724329587
1674056759201575771256460977079043944919230445038385149178438376753356303277042476237843437628806432538446084861354789814720664199550582276442868388516
479438229033639464201342131830799376690102333697274386468956378599049834091932366552382042774905477447342086567806274442195479565146535714703328815846
68763680953509111136356577142787344517260325460054880327095161577185084735807911870283535471148011978005247971523783007172744553556799681387908070472
695235929084206346707506820126112316736511259091303259393863357467015829052810078475396762808756942372883316748208350248114639367307008647307777578358
2950247083895288614865499889849426229368882711028897157938409337751527655961795844633555018246029815323256964444395426630548584697026593222626104974504
2774026925296480289567829271225168859121235077050661342870927551848466288543803735177395003965200275504748292205130609626548089199621270482988314472776
1756346198297819639714527854593045727879489572450138295332796719376132262378444496221819075625355453612108734360127943574585540164905454947676282605739
1145989099073460594351638677274624223572557474285039906137508488360489831319478375540546199125197932483390354811777701281012615105584164981573444758729
1069088674490196865384768335527591577292927326479260502664024181847882190411474665668364561327201237944347623228574839449023696335771797172003794047557
3015506008846466907159821788156821549888518054258020355976303325086729123339983175441924455856121046488330974428144208178064204098823141125793105916612
2114110169510991187308347410909343444969339871731328075062037675817341684392374170448936493228351284715818978676688451707565454388849253177796481560960
951414934730639118293509294830701554516990700228753139638881935503808971614073384872650870547014915784059662363177304027887237560396503134005454737043
467166547055993523160414430491997480614314736543662201462598103795334626914832065436522002454012265529265490502915241434508777981165700548281225536114
2099415581518909996709533495885548748790223131852400411758658031095543973493230303878166085358331921860083104998774215903256677764214965342111485487272
3184859915781910120405691780288813726232323023981989602026394374566865393526011220157333373476856726047813134277844371244576005598646399666037526140283
3171401596440958542848195650662526493881599845705662138844353532451717000259384893443174505674513632368650419461083472786556214235685532576345495460516
772995414907154844625666481206585375606071275700788838191157774329059381760775289229219628854114489181609470183208771203495771985074708381722645540819
2645197341437543200416313720419750009909166044310087362385087411802766732868821073667704759539539165376853965660224146452354909901028669457357545025536
1333709189841651081294436079473818024705771784055227217139056317261571026180829724341921037300353378264766858291232218473951064661485216999745130966889
2503182227334466182854628584763513289720173037871871364916029739479713696978364719418894214858047566850612458662956146988702070373428732850379553686265
2271050758760189483426486408573196478114964326809896060790740448765057918260030427944460475186090574629032147550266415124622324224960465929069801309124
1933970891042845450757292881554291854564045591206000617781518714415662797083063445748219695666621547274270078678592435098470398784673987285085292446586
2827776349011227133117849290883463262452544464274264717984772233984162124985234029925454749475909640559535039359947759514552397350946704578308831434075
1220170790552422406860162032817549614903560891741325368605189174469035215392581537343336541783089267983633418146013764377479285219932394587117884071378
29524710556089930334808796917876641922388472216083110032000698961738362361404745493182350620248898055804540488451849532662231558156173345803924378447
3248494446551487034383648507828999397081717694804606792543362761192148192064860282694433782164518438807761699966663699710220607558502692376108739792562
2629758063173804697702518284016222762209956810012000897488163416099029441922374448244809918377569514679532167218458766907728206757729302617401354031787
556488081140755226879540693108969790616684835599687972820528484014615420968783751018026105623705778791990236058200685100198810997882484000066597285520
1131882840913208401315086858274425819362001904281845825890285599401722794356082819633132688104262422883710440924325508035043927338382476615928322334345
1689556052645784211086086037732930193800480428112622588282242329871618254424525793343156953551093139855378333021756083000257381809133448677504687177843
3219330515089040955414522591503152177393310314752655761098432807607281138677671956720227300700005174113970614551663061092128391710875526191993501635267
3006601482039803137413896505225070850207525520970167211707445077629498905258561147729183960877375972877971637290845909295328874406328192766788565503981
1020572574968893829865237269451404454844970559268154672376279755378680952204288130774942170485186322142145348203824070151999938423505752445864942844658
2433598377366091675925695597823233796136240853641926557122939234767601641824153419471649074449976984972397865345311514663182052114618827411104632985193
611720272378569706809919827264769842458258421021927623376707909390212948481828473062657216035175646177076803198724779726762934197474009807588714696851
868893239331151268970063865920817300105171887955480486865866036222121775289335384240656551828079799276355166925868310704957343818397210045495554199314
1515177216722359867344553229205286104754118768239882447160530521129599175200192474729360242124287036514697332136594913875639809099373219760216916732750
39734127133678928658759280259428361331643145931938079979138586031275116728085046731870936505731763908532681136733491663280458401948679750529295737439
2186490622826729576379078078981765189781146876786747870644034456229227990425913979695857742311911828651685503918152573301329495704461693619766288841348
2958697571755132318538364714424524858991942825207720888773815808856529876854022192774068266411610518164118439570269722890616306974387406201120431746316
2967624824907589004190416423048891447967916350737640953367921390970653704217063436160324656207633878952565730049769393639605012870297031079818327502091
2158728111997195351907686856483332804410215514697412433340827785996974860025110653322722344220129511410004090433467093161807058659367834145090545597767
1885264827929304163709637690808994630176589396748750957533930523758950056590591896182399018001343581591819962277678765223428511601611481484719818829878
2931662013643277043992169583493477316878148558407467255772486593571005850660691708672864350900048259162227121022636341013456427349923039670038186622978
1856350869558923013774691337711269307064047655176973751958103920207691042841262141835449404011617057289945684269430238241410359255179041336119437562004
2940014369715570781069495494894360862369071965201259727920458443433071860997104122940515902676354748215569005671007091200154258705448230002310520257631
1516068469006736605782911458804484644147577582000006924736870256496284735775870508741585050248720932805587420111765630191192622323809559170973147640426
1461362356285411944169770101393685991063533596118201459677799252175285568092235563319784100390100272489700134952881627465035714241881312786756235842299
2301190857741109664298627212313876077293727554454819544889419130432433391961785703879480107342797531134345990381019889937797107736825363333040779033625
1332417180859680818307792608401107521848706324196995613054209829019805639523759072992634071229067778074124350786714233393722442289975933660745854333500
2596167140492433887708531078064486824809866730141784108911825674451607747203649159481675541576947777895854428227875968838024596485174235346776212391221
3041145058751305549031146648699772520908247402433275661800626945909039988743753583605124047112339634036979260323970278471638031854000664060941620877219
2462402342495539067978188827682263612414342985658085700673149496512124650309527333783096175336397689044212418187824655651384237270939111977258782705763
766602595645178230900614130750410319240711538584004709899263137905120952056356276288397390683221324453456411506549017620889209607221329313600614487696
3105469805225680486356580962143990409340902634837057898021209813858800454311364224883682265182935702204717046002814225041132372886772402060792862894961
2767309798897913580510829277947420570319414623996564408697558114225117886917264817767690069709431077365840575533922676468137038300657850364842012962702
9730522494039378455357666747460631245234538936578937361609294499120776861120367154559717463942469919103029533962356054392926091877644800024149863190
2195260432650456660864533960610125108970104949525963978498617717794664881827130919302579269184705865717160075076207679728467737357476023823001299324769
1298047105895558732475150100223873154795132614083613485321338587575392751968415641935963052123782647978847829123745694008142889934821653875651625864822
2258546839808208976607049512352745480074965930137947512681030870909052058267356366986145695876794825546576099720557008738190589496998069088005293880386
2467908681207351288774060217014478044804853887189159947704415505369916308174140607167915013196606275674563099578010811633673599452782777512751272184640
1630608225680371216105938908392282422184643308305856486079725713784493322763848347044725576659601239913231779595068783694542508611247796014483095585077
615002434010639118290455121529857404305214947412496891067365604250425139661676997231735131765233457454268137918868496009365717264991216420679729508866
1328534933477570978046601553605756078981599075893206248367881955637833953969181941399061559111723282820022508179626835564908552953899393790670748176137
1114455153976750571319980101582328665263432106920133038027004341198881144328457573741602823479120732523028205089090866196338661712751373360992293487959
338323631184927999356600572090698551929176476466699923632609772712956821511753396686268216759881711192010061601030760665215969701978708353167121830644
1966520026466944892985502797625117532740916550107998552061340033466776777708746405731762763613756646716855220602056986911404611145505039251827807441546
328625349373023756696996631511589654164778345952176363386965192656797344608987590363340951935147959345025923489580630049148076555989953021462884411710
1711402598548191068816176829107678155556146270064788547561627344096506084425487439242205312426160823641295392105149744400612774444579466794916595346355
768262680791314869400135108026726311394758861644899800776309067759567482198988470945477562245842461189744569538920835499192056094193829090628090429906
2912710779189593732392863688905460373112043962607693881845643187737953134068131078387126695521030301666176640673483013606992264960830591243560585625741
59698620341331004053668423869503684186781900644064959979236290514459735376006076021708737105865089783326626589152608419166702130462965170026843443084
1214297983472854338943820072803235963839190098716699557056678218189272089079653471429396205212555870096897248548816713026370522119646051864527894926675
905610821535011803849646660197601309243939836624554641900867861647801603353977050295463149370121076888949899097778886816545936252850186021954868975683
757889258217185369375353236225105537963545935294843211944347913425286578941155531382470255035931764195820419424452485039642521416516342156422507813030
410461216496276653295408366952736484723007259000928631058017324958835906205276281609132366282329424089829273217571393441788841818071329726976440009110
1924318559572983124983059870992416721251939500664730897512733971665093104835143102217226600764161540617502318228624571442668131163193318276482123033439
1886843712097889412462554692937269446225662665662990249016046239962332624682662639559768439220978323394198482440038189516954194497496710607024794088989
1604104783653592977935973716951906899556081185011923276314002621611860221280104047613751173060934947573079629754790664312686798130473689958175847286071
2957835701318271921118026154171798704649617834544480028970163400598917609729574106338249843888928443394597331214108900903197283983706010215974930001780
3209342516747442663349504588219131128295369555053022587878765948455323907778288049628870663609284248939261478149052992583337715403066705584086843714587
2097332719731630808898403647174749549624058246665243162409793158566019117896162352566860670182546258753132336848699311163026447125281312051658241502613
2891215576709988650583697752976194346077415440459537098645601317467265683062494507376180676201205204198473736540062134062555626375703017448977027468419
2922683425220451841572916656863560414534241479191388645409543663778932349414289512639341113281174514714860683731827398528807510543238118299561887613306
3023317191587719766657971907370345597533609529661356896632741038314756048144008942991553541877109634789863108323015590428854237552480042769242355742288
2018071043810802892789083924068455542071215052883338326273000749040195667953788984767249457100129503250676813817437550380473670767337507064929220482738
3145030910956128140331319463356728832218627494842025979786741873806987425020651043155179466469623340272907242869473570557091348957583994278897730535460
1172978275829218705041350352006996536129053667417523985179188606632783581972474434034671864364659728810670175032990794297326799402250613929360106075958
2241326356905372400981050687149331298721254655454952485884140367629808880344453888922940714666997369570430113325519281131308553057287446120446618363200
967856130483278582181846542036860286373608789372907287831597720759329224937610016876708314536721897513275538625655560311545061357412358813579356902750
2017909980851511252571294998581859539088294495489617596715884286427498822642756944955329769281618993951319355744326143271366405808630787466344668679060
304059873615196210467440800585936029407515874927517270446082892033532361463414203715496120874676645552604085995529187454758344987392083032733093861982
2912988624013481598225268592133921522570393626930053021781617740370173223256405503054965812606826547011485921912334513837284631758807569471232413897648
2433124816708164478173845612723714317271187113730209825536653880027407515840245325044672528004497347889216060428475962548826887052311641726300619402401
1849227473548910847694771782786140528790663062132731067410399398420744818678208268611583552462800052671646135746471672849387704898076194179470064877337
1608668302456032680675905431427870055070857455959178047072172678763380276322797369148203048183190031243904992643596392780880735211980736217628887952228
2519012220727685333106528063918346988849141978012843200614579017756515338697972871443642681331751173731396923227491898678110907073937376281571971612510
1985742976133439376938192747792428120573259431206084371261018134402403729841322322552902334193974949315348171459402792422599486233831238273780560204769
756219979003777469817400710162205936690979256105033319968028238194529964009753277473134163871938052940371529065054118665941564404239237087035841116961
2321307631349466910335893403439299530095044555249894267658411890846299523184929892253391070450186816646126160898028408004711279496192953510216222673603
1768111002195918645452618097002445406171726591651829543030273549314088459656472230680434455698266501611094840867043012080114582689059858640407063892164
1168873439159757413609380215501919323303355236042413453056876119235878076184330262977683842596972483947239952895665379048312153408907596019693033424981
2148165647127794582596139185181087206555703491875248410487049205317769527036970356438331161556338979831780825391936788720703070020428199206234410814794
1809699360793039709654480628904290365116333462643282601616095148695229963278315981563474909008161959141605118732012445935584819278052952180966783018515
2371273640543319167191344047803925307349869722900643122050953250991539585234219532799993965981775253735377881462116522247237587518885693517233756212006
1218209125116593377653729792214289557291084504088753263704432850766770529060736478628687454869575965289180005437743529020148014588223860175412380308098
1074884340982201471561733322898287305857279085202625804336226245995601575648449193482531868811075218713142582560644920856884863377202928736761732170724
1452931236932874599887301749439630823330449327914125896340755231150527788262724389740415586857784935435806304299264411616898535168103614664840886017507
2666453909108022638731944055506676608293792937573347415028372613552050160293930972150772880101847107903576790168490424839298578959995611681012049383488
1827219302278723846242062523384521549251514119726770425359762576235548660651667072701809183275194532675426751925287555949098337274683898485882859403781
1423076133301118193506040722669088581713601984183168415193339342350972994373105039144198241479553098328046661627859958559841115570138560737131858597783
989262926499453554937026065296544313787936001102930956256444222277222023685201477035874721453654256143240503752383593680127348310143309984104319967415
2732912357602652610664010758586650608397677975952207836963638824949845756720651814362162131925190290338569421740030428790152879070439706831501068100959
517638602011885227199817292778246630548758497800089939076594402716586543936281426992671051962768887787377706702356955065771107240281781392635911806836
1838108716169524788392985809854587163246658376441334191615899603677267671121943639475750838025722270061923104606073353539724454803373486851159265607229
102892625550843713441208735591970444167327792330406418533052224635791398081786935203763650754643710819761930667811975038221718811298552051040203337037
1805678103047990186440270588495326782043244660322520850186530291306925736298921964276881836009776911131164101022535321426133326784152073802871624221491
2321402540023469779551903867285024357877703982366355299647817043614012152032742995164238247202775794160750146673785153679779580009128394100824807744926
106616530886427171883161048216119830082156929154130281100597648336978763278214824282114802265701264377596792680254801593422524476181799442660221370231
1863447005751187064230848698253636524472938200494218789824673777721261689754063514810986335201020250042610490198972297410164127576321145922184583607475
2681073183317629048331716411115876721542779672121457852019711559169001621907356641124135105285586358242148404080160719521704023378383081080536217460863
1673020091395603428021045216410143548691396039911318518932068018193562304185419639362462714247517165999553611543356559859178580484797184613988738562859
735223001515648519573562484075282294172073432138096410580227647852256810937165335143670335358155313691599278664746725197751545781206849010278144424246
54417250964387279214220159959039334860154075854267538375716950571178642926355340600431758545629962858735804051419714965524655825435693534639675503031
2217700145022314774158631688034994358958508168880606427831685632028583314664312949500275052968826240970622503272385166452728171201719727347686941096772
1555546464706978906544585052146399626325849136786787980678584759299473702102062790002328126208133829692609715497485289613869262906656810739480918144152
2579760560594210719730106156576829018345650020438033239286712998958082015869373794680601272531565619930452821423273513871531609667182406548634900950127
2540892510737268072395495175618918671267046611458440389356651348839545680652389491239554192843026114624795030725456921617724148117124618867531207364670
2782501900847242220371738395986131721849794826926209528641241148964385725039081973445415729548699660249622182754909896364576231251129182024884461372353
3245710445423003663896149808994350943070595198975897534820410586315739046142344792189857375940357950801765217444446914064813606583627293079473387543567
635033503045498234520908232329996200843758276854559760865285645334762990427341695866372677871369703631324941588617163480923145524186438091769541094616
1779456914927971135737037055396576015825383709780383159959901847361630105835148850974190694995995733346662265358037734789438793810902764645363146444306
420918523416097506140762774089428174427351964826593737679717411391725573558695893163037256064627831190806672760157133062708550343971436272701893220502
1768332839669771106345877595996947663860021111440422875189841956195766368579499685643612919480642842260784372210230597549694596449130622311089814920512
2538370265971757915018821696874268666045787535566552763144524068509617989401711619842499375650126146343096875967657786846360426476962051190871469940461
1611936751108050743527831621809462413879521236423856428404134334413108914741583214111336590394374301566704164584051067582301652866682800481601676804087
462389681217143975049525416506315047892051134646584554341481049373517779784991641471014044021480026781066104356282178921918712602590250600569601445821
1311703897224676868795970404417675806298849234657374287740981388881184874727136876210978403082666647374466726347939344609406450464833203149067606211720
2448875705037269461718700622277708711866810306085208457783618863761142739814819654682719480977119492322918115291534080129609670704844921279149232541336
2993970212221528429921687596449597601083548109672203371769060343260537200580561029068124155773334343996265382768696218117368430744499568847108828342786
2754570957602682268051001229299567583785993072370298299590489361503670968363140652114795976304688151713078323994950473339733034212890979833970015857621
2460593585215131829098261449115910657019757811579366117555048097748784007544398960902996811072967386905848049783189700169971186727921277515870963086749
1515847315763443524872246429865531642745670478743055766024101095797943492837995297472465903565750109481121355131038189802346879698828016681354046065362
786592428909730471441110700143774595060395517544684246101143252216818229557901400140781666354051985397186512212636947712371212712685545589295875180137
84228501975975514226301805571239888294935181391726289669874899713751903468508209715190829373499673262364753749339227986630277370810684105534571066307
367663438005691380953010323263073156835534800390975189762364373059172098105950330500249032677198970013251214950699689177215799028151500037243854240660
1512149407054529497908549570980871974867469655736325417930898095821791592268003525522893325357470845525127575330657796910005115646361628393948324345150
2048243636837681018943452461324384319703601526086159709775426384070853124805319014940934673121241802135767242543312318843107175447237624568500367757042
2652952812252728877725262958501181009131208382607755220498262002321457993124271602679156787190865342798208595836620113663783286678847463784173572970860
3178005647879087774068745884087910418191165263402160409814911645707515899217464382521994729897371643334092881078213590017100851019750983371631232696223
80406956805580668598775521314379104850842256765126590066441949782299390158936979099966268049032770022045821179480325273248490027463675859532504024472
1953255608397726720806178079128082800079350380736312184356638554269615655989619191790281781792592831554620091599386394632360899462333180762310922515833
1805449391418963742684018075296415785503884674774509528324482099609513488205558049951342138335388172897100260460919421239008358861171233594201159555780
942235457508736287578780016459733994749217353255692533996029861210462327605269054770303341132729317489470629526287486136470972218134062272735058510031
2875326610078590701289372762928153791402668524644270904641733891680166746973447316670072968271363943294721413419752840791520298873109577888196220649342
419110688715935901166202838481410707807900976787506914738010281667280048666637537309329027886860290281372275542397280634892626801513184762538667223606
2291204779697483382101775520249622143864936772466783620262539587389378332148813230188374836612266302575113065281831025796033716045157192657944508583730
1206145892343602832458759114784843412108494252686482098935128864550035861979580368436803158166244084977412086948964918857080840001348480461878819013283
1074716722169094348547007463948801996291217938005811710012507734522443283691262962848568064699657442383956433657784513293972441321101792180034334665901
59260040887975244094090667807445950620028309074658661863422382506483600419139762457417629411728053590234398989125410208747727496168906122712391838341
2455464733215668711282752188171073572093757554640367424362711622734518464114356554171408050841420336450187662842975533253361117385519960046436738389866
1431245800010717732300376246915007712350557148965380060836532231242668780245574573542232344354509523128391721356932805459507582058845471270364074940459
161879676419545055351681393767983993436403944457341015891529440807095717230589475296508080023115009209026231675790624624766475056936194667755143496927
2661669621541338558812744647768026146256582864031225927368834367565328211889862420682964696108402238468850124040921385245040150530526950483234863238415
611851759906084120980263265909381375035349710985470733080359642845949596900270548375012530967172332362637475927452806626560656571585022461353478947390
1630519528885455651244287183440949029810277057869909535914868130159364278196140782714802170294537986628200001974302380778473824590741075157238321795747
2718677285789346437899314318707995204426336169275600208654837453785404597166661534581697358780516513270342837730607318034066205856297697916952909768925
1012949481741785974066282926401617596656102168121868628721250059723398150989087220194910265061262810698624921662083733989801814112255613916812548744722
971326782413452052230897695832086554048163555284889031185793273215828079464453102708313033979550499814383876562978042751819073351211184119649171627913
2664136417485891167842016077139347993025139361319191669623330414715069144803240162814586901837678096314603555811032004343335403748031030067406375980482
666635575998378190758907501896793273581220483749014947141116163552743955517423025692340730917837217926796611611769234502106025680305741728998898743882
2253673581624534355542260315310929173490840049062408293238568407719323232920286383450310294607775289238226584888720129475207520279661766146865121013039
1261839178255988813351385688624847492898740212571771575861466568404753259102232755955669396075591867150983640241198973972582649078275046768702263765658
915947316698268144275477792895721646939468555696649964180843542594457625322629112268140461608294050975292587860057188880237083248224401493866799346368
1459464515667307222933138143828772749701567493369486299727364883162266692928056556821186209914048156921313969873263046323267228392203677040913881745949
1149170552515476082562645659076161397487791791732450992306108716273501856889317472768485589934301130038423760772987201753798325651532942453428844594866
1683263152436957896866373169049187233226288243769710518923696448252205442227297791394931777879524124455304991365690144384189129903338136124094973965524
2517414775637588202459837838240295402677693619571970807308924165033803007610662499765374591214094826945808673114577183205540712354139178544679473824807
226368191888416347769287552452588183234772393879160059850347114325226743068734362486630394404147203018219758809039221863974285479935872286599058295567
1383417344824376227039269652869275727129332629146083398262955669997282826212742543027773778362040830306685417500153967565243980491335998559474336527951
627876082761793508988452282484403423440331777275900344930891448930845531140833748366582059979372780806874309245919951219715718843392601850380280148673
1959474405092674056086298456255138225734194713699881742212479436395121952481319886438606623001479194144218263923487908376964407913316443203224075378553
1074260821280104562716333309442830807910858101907678989993574743339185119432689694734066133396597343157527208280360661192475362236538451990248520398120
885913354504482530625710820985330326233852472516870967557811505941440306778102343680866098272691774217427136713875907029833287649503995226343069549761
1973221137616610850808956128768883138324661857934100212502519970984666461304560487253342361376915665244428743730559360785152151398702158091571280107927
1236680146813235432775300792684539697688952100544122469632426445196715802133999153684427854568267900646513642771073588570810980231681674490926168772206
1568172247234939808673097988811841519353639537804906976802352409868439047293096794813199040805209133308118205198287288922920496183912775993336154210566
992275193797303113748562399784964816280141018423339344843485765370792013274208547320389706390770929829833233481121031757732830521030908453058182112950
2788986281030209556297762859319218422192441719191004660645699841232817954428345041843508949201907320310459443028382308916121526694354092622866499539984
649065679028043765813740285501152313407699707834663462097982135733204131235030111858925130545975091240671633884803909341256478759540979102500465929018
1392593389152038162467416953117533197940111524715489904000952261100734937476845000348619466509940621074613456971985340709984755886537812176721771521301
2579645897741968637419006187617352314183507461671289934604865306957239359363687264039803668777735178356482731260263458406473235627225287746412168826388
2997706441736473833872051595384604726594618492060370335089688530399956200794689609870400478524358053526760083510597915058472417844072952609103665693845
2811441924421345537182077017500889269016442777449896280502368025400508265305607502775768473457651044919861532946600198859657059363548404848303015467729
870553997077529339187971830829259566013213672546999600142732606906149597865221796423796689802208400797500273193688265194806916879611012141453509368773
567588145583489154014777387624065650482189364548001913842801876565518511227205245326756026717193625257577315476252025627570269221428095848931946177397
3053023065847956124340018467098841132398443690447384472823857354816636668281210631710912271598623584516062293776206756499125108409229537116691288442174
2444237889458054941884905434430903918581029158714974458169657305366366593857277184267635913966652723433794688431158986035182124710547751584847024708295
2804253501106356191729796997115965076051489072674046458871718552831432317743966914912730917851224899389817564871962957734427161746537652559458792046389
3103260982060356763239839743240763170370417485307672631605370031283538497505728493729488153981625415492379244847547320504841655956506262878389402121753
1436791724101605482951054275191171403250834049805137906649935141594135943785652547890912244560838143440032230217451454662389371797997295333464948778557
2058841477726262507680088898556546953868780073406883405722973206524279840954851412119129437940072403315319875927050017664516172739229181509599931191561
1960254475839731526759568723267416739665151923599856440059632633246343933697441895067706268874439098814436860935043499765324490098940831963634236307992
2521374650103922423638175911062780406204792873697037250551496555194332543045753017558749639982653051902976362441650149672318580605439487427141998785766
1446761784238016058038383798208120399510933429942006331342931047428634089316653405435094708698215024797685386632417359917267045225499259312960878020509
828523241258532882351776544677453347370090137825147398312534099889689471468172313562665230025212529057064661689288647842359117644131830201972807023428
1832367413548262787389330785268465061858430471193609307889295228788943639686856574598249781220832235693361928519559552479270506330113566371002525202824
1383946387131785588868277507213560816911914066965695527226783865227572528753143586321293201031796478065945154521264810115521280578438052425089031056710
2814783118357953158602159490030425766846814315842582317828344750559517979367811952073999611455824972889768139165364685624718476360390308172422477731389
1170787011838202810846613200346911661894635070328536398290630567988618922530583514063652769825294746427217124341799738002908577922995032008616762498239
3192259032668633682034668412323297135187273045619151233104455673263760452207769334681752400577084173978843561056826515792421979865086124182244477834769
263235645367718506813065541375503126547255362075414384551160345304658475330893975938731087394062672265392533877144534679557058731148107862192726683778
990532859542245957422547835828713876153219436988469375315061308369801107762299445131072361092401803792578673237103268047970783135663952493100969213536
2863563586720757405984997820639508337937195006199140067611456152129289545260472911058680695021890076164066653070803789234477237884893505687589287529111
2288377018007102973436970601120322759194328969290357746381938575845379820026981590164529809982580609979772618511491980806647205409260641890653972093867
1977085963686403378664976592612878774422417284840274720984233843061616521698987263810960102697423820754143041195914137193103577785494647938916136970882
2796474242431179884546231460635582467218972071021843863667133620363918775695312620731158522677689069844016824617637110982772951385308943625345181804563
1847432873759764673816860822702422486573213485881112093323605225809220716097068938932817870502813460495316272899562737473572412452335718224866413172053
2285527529321360496527475866894889379312083520163431328550743409662337196745470338112192694221312629020102797320588637664156559798700120208534904811896
1642676071167061847670520487426241355492292507620982060245612385159483777155836903672686862972665238741004626806906100947868251631056062658966220106214
37382596100510342790933054847466264609677507674309947731312633675565227040356069302111480855072565581153969636978197252792939684037613487438887888221
2112499401015120734588048482356301971859461020480974545120343487266997609724266989640351043420983511571360489264526426731858513073307554300947543054650
34303757890681214433308539443250001106601812267106443919702428200166288367986185879534629219270241095082746703368595066970733853030551494024941646825
1855872602393568934544604899360142814590096756299159536996031027086970776429669190430910256029317888493782125437679032956508545184717893855091211807873
3016126799775566563560645662086840239787431187048928352880603164046136398870373367172088595244077794261551754613362288291422068780862170998815887122592
1165989572612282021363461028163032046793148327737888921874908402484307264383646151025988570361570123339598961463724858231884222381052762030992661546337
1436643806663130052837920869023658374717594897851833821192644872889913272754049802053608703745306998464743195395895164515020113212005366713331218625120
1612638008548308363451640890320424407723748491738968965093911267212878934991707727793186975504846653810253777014068849843983767452385096922868588292608
422435735373723111627737755093326576715401167418104548642896446297962896716533364098429989388516814574223071697705670265791839711019205802987351100130
1991442285869052072273931568404462095141349253174719345023404634200078115539458615038407443468514182222462260246944833503761756377267090226735542875121
2895739969327961185498888009492845877687575646881379255037108316497253688361295051895851719976376543986544371946281199690583970132573623324151032810239
1260578706601535551409284786011637345012862911872283126109905241668156905027194775986297682565314339662022131872934869948329357579853561060027339105613
2347264754847980297365133298481218289735535388653186116988943382652748331277867497033417872581356229389287959996688473824974172231444402940361307303065
3003511390562486485847454967886184735250389672462074894485156786186422494542305191599418736078627492868305186616255192595239899478382720713649204588707
2061809211155425276737018972170550441514138420812964146693558248103611413460120711170725814300401682947378739762923899968022508876636543657001941672957
2013571817312818671122405353693676897721559320093352882231494903390599150704165868440108294254980774615183751904996774488588214075685028798501473295618
1327636813860560603367496155013554303001047994261188206223942725710413976343250886578374816958976561610412546184220913452098877440774997053741157019443
976973103840345340325046735119918139294366310677024870564122754778910185273227121825867820357431744048083872871700987188008477638755579292768273678162
10892623505192917339849055856126590929966294235027071617124998766787198898858208597138172009936031228813189167152211427792864078275506311928631595828
2875956921876475187404445982877491310931688355496780567912725429022265053270290498957986591420187066959641631945078572391586170736008068806921019086384
2954776840771124377863539888589021003709454892183412468077951823126921977539925065026253044236113618557385640584206729444818497283727754977320493935781
109302268112954574069038839538269119773441659823714928505705645967321338439257623314785232224429050941165780157498977163515183281154490366849242039441
1541932691521069426380789098917549861608208795466611974794514494267603932229266151940069247668304409765887549756199629628529367997680770300281853445682
1893242292334762948612259540865213924239472858116836689157780294684687755041202983987509169844018698031322634083132497344748618339634327990811791729401
3081290261968083748055784723022465332032081587604769569227516260351443310962165297510280584655185582868711090918050884614374727958036255475449445094480
229324604893932613589934023239754445171403777445273645512173313163236172998154867776177429430419899759237008653408014095133351754001839009706810730919
546588597159400880643747354678438185415544776083810045658412100534671121658881829779163189412020859086112573941397020468131338808001439951357528685927
198354787780995424912825191095327898279615050903030747987927458662634149342802865761581097758412523176264664564750813315813333573432664572612412253061
1209397626210772133265100842853934136080032626767439626227540499483280761243399408163224096249023645877458805940522878339562976705371503026471571662909
1129274754517830401801935595234589225317473185519986803173333943949659921474096001974035206529464118493106014202337400850435903315474668983977944203928
1883047144954062362074765683002548089561524230260489581462751519857963710975492820471185006595306374270741979766844234211891698557126840503054371105516
1339359406285202055397741516037530940795138751964362827509551041856354201176261286787909212554108034970656300418372923559365595114015467554271815614860
2715207738423091696232245541625146979473946953245396143309712254731725376636169317391216573810547388183701009221312262693251175590837674887960529985549
335344793616805476703905007511563774843420159128882237854123021993226246384069298474452570830664134537236708413178186748344377873984859862703190110100
2469768371489624594298775377357317471462599655754876859814137074248345691647428332463692143123973194520609921225966208577322825867375670475240883065016
1964448374747932025294120722973846358065328934842620894902478650879038944622832833912740433448482795484627923272935042470969823321536794260579506014540
2603026005950370367979987614008896199797341866523354000971748748159462282443189950843658215487456207173443189509386857750515970579946077311942444152744
663746430804935879865590252783380621910291670140808006724600548118710852378485415705401895731424131773343125397659961388691533773512305269560868059602
2159213879903768774099284425891584737170220245371488755259980794332088280247036252755885318112982483858109389690564860394875663172445898480360732850677
2150601029743225411901783115373098707814256681284859593422427548690761358312172913757446499305112149958030912689359861445807797217723749039162350174123
483724685270515315305388448178838904078781863471630153166967455370587643703727040676760328359468279745869361026279285590148583231685839664967441941467
956138587400735561897674959447982893640828300204677552172499605615010407484231942869122662246176889597474511207679221891895842752631834803267484697642
674199195492361268671720056702071629987916828836144400823623782358052932141178617913060959759399005599682986316328940313527645100568020897198142654914
1131065614136168472126192531616573505590802673289120828887114304167948956464512397715259721679460130147575073880625070927488381002011586536539270311133
1190259112878241286881653130869945548084031929109495553119143758925957002581499648546712830059833621759816573280902497610679775150088404363589647543020
850493411529629352100821782560007146502931482951548084084328910042945758250415473281654025355401107409263186496944420881453819047103818637126525467922
2410454342655620761964874858296747361069265787399061639983008217578366709238024872574528715389021332734830158037653883325447074722486788212136920996051
1286481920926044845625795766016760301321122148270523628190400856964763013984426242282026099635783545174608558352968007162483571509522137685201051112678
310474514250118828739310071914258940218786592867332145485236918389531829863993504659044937219513756816040322660888288467334238756368553366202249764129
1517516784895769728021900451859960406898356832652181767036838914096329630577368434941983543693724009901985930058392820634177202239446052806384856191493
1377692350274419044196891314029993226620193421622231864346398767994678955591928635933525843993407720591471130072109585242581915937508509665661091115100
828554189027211384191556142024255661503659254142355957475750217851500998059642174912694983785354640278684544532735105769425967246173341872370783432892
2444139113481152500427671131369524871589249192535134604794291930760466894751424055973173699265647388118077607863488236424372082508638015885312067132264
1472612377012134285312791852301708047489418859232707245844234589361085686032558851180367315507638291055734198019958887244151476389155789915505737194626
2955264868405838896234597675281433785914753509081486808496217056455284401217408270681335005450502432955024393657491862831138482598007755560321422531032
330154852008783824071478341908643680628499410506170566211895851552898779107139426038090881401169114985345039476146061729094044131535751458826342638348
2753224389829265266355276312376250795798019110420754495327439217214679483552319672640180499228613829087858495441617536342192939409440305877482002408545
226424104892093426111565124903444105059885321502968897686997312332428935519546924686134932238836055975024918707113190508758643752674929643979312883558
3046133094761258036285466629858030670427447835432814986911006189654654245327146873559514764920193303882836126286973209967419988265920748199780992793907
3070955363093446738523043522878408797276315397071372791149111546304698834206300338032748409911898317811956695490458349383771513142840717980900144641477
1155694393526719386112780170612471690879783373125163527769830525600726054173653792524989108646338443410681670963979668007277733482345268485896256612926
2201452104105732776001282371044138699616530521080186189905645602236740367861832245004045350939320178784763218341529906984164507806204629772137372251460
760358791487639411129082843074487796646529019008555108941764162958573405902760066866132748482866654106984698978805980985517148967097734379362294606133
2460244814097097358424012695875768328732501055989797796197748965801624290444271116087101908481065954606559319662326185124230035504372663672877445656614
2021811300906618921859688066884580861107647154107722784528222911994238316450635237037043852611786578975863948502223549645689774926986731114932007756324
3103761682142098150690580630378354761896657676443492345310771220737728718362582902614681494366484258901759362131704651415351074104513144943490209706219
82665273072707455327283002413670167148758399387755592581654166695146407238222186708692017257237926077877386034128711308606197729490299557797378936760
1890778543478126489665680490924350380869430384640572239073399826728147199514683656991623830857720474921442778092768305529756919169728354994783476781249
3083567563483990133814578706196216416176954426912301948292424199198499927202226293820906658366141341128159314965890668926841917895764508898775779539339
2754827922715503670695487609895157902133979781816347349800632367805185373836919525203764709534769141444592120292561396935081795351804938804174887890053
2055754358305862183739615031193414631475534793330328840423903988323518282238718938967083933805191993941847104862596944217117865402040318984341794234557
732843682633662599756761485973009292161778177481992786748357958361134171540050895133598280022881139883759037511358988971377357909789049516456337482766
2535309760927733338989477699892007112588903143001289581232554374614225569717637252808219294492209031114167500893338546167929315872775737701286889295293
1630774657963372872953646077461959850156631396468125010360328920112745609846907341279321562692035169799257275809854242838725657270318278398908528621538
1545086877968946140208965089348663775155625973943154782764430100234041615278322224953084630184636338371148712468634729915795754898434826362397661388474
813527878866237909313707939479514581489508870726191502839099772947879106382307898480974297934826336560937511394220922059748561885866571127715933306111
2168216573609001657819855172565845757277537488680415743008210989456226464096059705411945402397594254302339775266133388356436521317048679216901521251788
1317917655840349688348680666995102416919507850056877997713269257740035088467439138513741070648883388855386131325750899048718898150820798383166161847563
2327195948309485171507503506568319504881016415496210101002655030887333912659986272935730225827569738611778965927609252602753628109712810729379693458116
1960744167066837148780255192924889003215373071253397787009089597295841371114774335986094669213596438014700556308655897083460902870206038379861388848297
1145591994142290716609890694498400397150221532248006931527421476095060487765484777585976887736105341275482403913039029629203426024500394805272760338924
297069004225432663471486369367196256690156928534591545168801030524638489355331265694319733754574423199343377313586341326222153977092960888754726358224
2622025216960999503151975358321919001007631483421004635498122822555238829259055585574336350237541264327611368435890164959321952236708801804398935774641
1327785179457573596519978987694536534719807652385358259102247131227366183816046037989822587698804487574220001758066537167589451658482292183947033367525
2722318583753047226098437675595411827921867266526136830674513042217105880038471245643476932801699509017172748469612407252411970371597974114779226206618
852750900933188544716506771475598726763941068909574299942664610725226726516565160740180159763898546374992128193289666709445868285769329144796106665674
2489316972889346114207650739739920266168821342626745859040285047222368334483491945175098119716557907370914815750942941361333886040410932179145122674025
1284659855231512451621642697874123023247411782268795196542276465513546141921401266300000859149923172549420345582585611630452442962064032550473834390633
1931842777470029677781819094645827206205966823686636938940790640002710041708530035861467195901091197083701430150921707138374267764704180130744595966113
1326792582103443549787493637566785341774021018177347595492393474138449353774483885404253522912153071979451859124919087263605765870653277240582554700631
2364281388004904118156679117829338729941110315078985788314322290048204423077246282069180399546773117557983264628893411361732279540574824067713467182652
661547731743210722382225280692434981467685975688602660682039333033238688136729578080846721816282591284877928064405591016985942375758802169228286290882
2135460076709724519519627181084618947687820256359397435499001808971802388483589068612575811727073127237980273027948848318345282977379409453041740823335
1736817390953923492557271855543644053161719352024171114026393810188284952322052446704795787370308802759603957648044740726194431209747710406695181956187
1721861973044625977410407215314859830436263487207173172408421146611882953963392556620523987883498566314963762304876485743702727666709123997776673278380
2273918752830516762794936224859460598327168585815424001741821563139333435852517903270698302272103971778526206748880466438375792056253525046553765503002
567784019491245824268142601273992008307706077435791145103540153874235066681199942276230875081081037334998678511783426584753496802939165796851429804000
387210887497287140204378101399501487770063801621890156870986930067166141003664733391714456231029407266005797537632041701781746753035033337821005328876
5836411925864566691970676576490634969624101484435290204477544794348682078113466634092078697190364272170700783168666573480478920056595464219162248681
1593979778521331707241079295354275816217315197219007196133606606329590859308799336947541514026246270239999928228160558311773499265618258844714836939531
1900666355750115882244388310159682837994793310193385598491250905649821138101277018596529829877863401323450865056452167322639226621298859988761577380536
1505533913174942238151798132656420780974621077454571584176436262437214520217563599815300044388826255243383482694895845531881797744918515759417292202912
152650399555640863399717309655465924793950360418761038069784928381719199557742309817527161272900512977544368761321700990898138894129019400363189675927
1787547085301667287123326495956447058880030536751118543492201472044707981204675288899936255256269837632653590411444125156320197981455222955769364139939
1986045104525422547517567457180447575531684122381426315274851673346514375471510952311551336511880364843409118923410402017408900486768767191118815230625
2225754628135967727437091390140234640968975736953419686704107695680770813072138089188634915306771245406238573333081766554835890864429824987294392089484
230983324581441292265964656700543685948070048675839049919620006756219752433247020497907895040633852816099625132741304117685290821517869082210917764668
3112357960619925290334734848344403847511995369877456327400328443541073909956461423103797927679866511167237779200957085184711845965686010118400172680513
1906928727125664515409549847553854995233887503855123328254580922082087847127306795307304677585104807089500020497434438627370364138046260378552824427980
1695348378951946839817724795410162350073220022134986176530856310664790290067387791201035272564595137374842689678025498913913301911513494219452910379040
548705445955783532146832993867797952892876871038583085360544438889410729981524342941588190403209236738940912755467119139200210627246400964543820503532
1571681936050889759308397238891298683360752067255623482032599396954903241739048445888770830102724323149606594580336437516482410208296850126436774753079
278296818087797973359175459808456200093762663483125043814010300063993655120045890775463917272721400682376567940168466350899553678439845726218182039500
2573774841719740209088577402393963725873484719833573521906587314077235980651133966021419487569001998518362492602143619569974123432865835441926826316756
2534324125428232637339476854326017555557402570115435692292286213402926703781415550006725589898748972371289847773132993571762000378635056382037811030401
1729270861946181114299587392316186231910382159103755934824940405796930498783025686643444274290496479699620922568849989997263117467958222104380133684396
2345702840845984101404509042745239637155174143402984801491258518484952200327002663869443386487004375520144047107120835124073601868469306964176631859313
1273863414355033359730685391960076121507693166331335224510617763028908647145674966461654461071370594810152525981937566942796503558933777906795405280825
1225667618129711687666309973070812793807659388783077732654551843665293665400210932649144556143540842974714675792468410940969179048606743304203920622738
2397376627630164389349207771739296252050748190624583595247199427903856417499548267178305429503776947525618343579380171044094378477746190103728634696267
2637293510309826685412591343023052564059761353362383692465072248505032634538947077217198167350042101364488710014001964499083834822908598650579274353107
1459554069223368778592857091947106893371055694727140021338303827128034401340831231012260004196611280849178635317087186026390493989357655745224165059787
2088582179095529267898357030649213077280001088784587346581615257475998407985242036035454465031352407557486095100931261436506666903529898702950363495054
3219116311449274477231514038588859138385192384922345722769843391163890774634448799298588233744975549285117767506835835074358346343417071454689943902540
1729125105993813967576941682654226370294829026647813626883749951451329879406918300275431976645541116098119217812164502917699248806517390396354914425062
342430423423468017959407939293134812640432819610486310066902566472905856942368713528085252923172606465652920898114596857279139097370045515267845629331
2166448939481674215322981085299746384418868391605495773500569118524431381333113100672791765619987824497695819779987867159136253633149012593855347853634
1934767556680359514248732145050399173696043174981031570877221804572251811002977625778578131461546148044530885625337788871179123470388424469371950575436
3005867338688070925291277933329624359406041220489253205754304747518064672344461082304180456465054906374089440074475964686174790776035287628008196282744
1722844699414130695008173326920764884623754074636843232429208733214561727209089092144944895087857227838688978402066807667244088643800284348494446014756
682377013550794408006434360557386317097583989052471028139509517180780967066041347093901283201402665498004028621275823720321976093852364904964851458783
973620607221699163692369782335033435128342460164797007883789477859515063461805052799209076154656637375984204153368775758055777826828495311365260462937
1767696625478871718146393519703785985152560719026749129265011935916845391756939141739163842353250090608049525969702072580121541887208676568603222973742
2635726098017740759203796214202918115610414950060951580409206413480988280994038573913040209882744646882861078088030073022966055975851389697843126510674
2106075191201876650147827314380681151267119020533939578320444651380931023895893172132563593386143712216492749321058911686632353733793135703081407162357
1800867699165580379165126039662643546536548910622279309577160478442226350055162763422833924564923310599191031999067917769160653519622919737596842006358
646659074138674520551226628895763718954477803619827930701819201645776062902784594231963256738218135075506958336502536432494307491762044995945130580325
1994516224540931034854201950495212516084275590895962707717468803345480463276911444028648458805908443821155952361770864246820275159814077507766865627653
2557366964790084597633486927126114861265932604358718910569750926828562153573923779743068929847687118034800666232982519069025310817373133121680176004246
164422800244082707359098404917009309231605689201892980859093062314029064542410803596652968313555826549659609442408010400510849552927336781938472421869
715673579102070053723465845671497618668205616756459237579947187593869804737743017725112171003047675199702937090158341576932647621836115076586395413434
1065934816451469469264176728681634287042196409711948650195913402859081476569280103148737992441933921774530848095655943059983011468939766443721854251865
2740917798077026446453400903012005457106688179453129508896168095575934985738906157446534596970526486026747522499821793666876674640408959762315306924431
1291593547413978935883712951442576830634221818632352504997475180920080908929503527452222274470887856449227024581490475448621929143988777180078668555525
1310946205091463144412994957945310323003566248743415871562765714029758092061523858802634954688616370921561820701421648087130077794616720227778075450444
1173412261893906656171455072362721623224252865039156648186375116449180453147581908859515887786155685386000284504270168222745034101281851401424497373418
1894861172358580991589901196240023061898347912885915798439153401032623597326352707172309706298260922122503427021807411091428348471966723356202794354377
2519846049932919961677888468190201918250296137177423287895739364078671902168402981361493178494550790475234173682178369533979530918265749024294983964228
491717122513003737207494876818448220172143738639732120358401027404407654125873124105062066373264086114961719627050335873547329387185572468831194438994
2198516999828546965971134285812448619867425902331113175862511429921258565863672946605600561894623369383935788899222601953327962431924984797805502262102
1819971657819283346066102503359095591890834314373308739089683785931805828216884604974451394238539937784885855207118037514098868886970248898080459143850
2623090497380920177032303297081697757547358777515831206310966576889151220638330349312946185004271491999961163220434319926624866312098190531840983711310
1250554022403933651065698256980943336156311788823928828246503742414702099462476711283007496891025596978440270487797937052711404624310597021180479870156
2595390886498894353303470548767091395215904507914924940622805689847744872863885399156828694425620833893911589320602969546200647196220032220813208118178
1343592590574066911203312177752606653461570555999174185172553749296155042811461568398917061338294337945200744594633865569571135144376211854579060599632
1431524012895717173872755818096407326761567797901664308455057993438531199197890934563967501433709833181030334207815057433666122523031235321242351237522
176529093283646674371531322236696559164999442643641501138535598781287795773061259739721387877006101236873160909936051138025501483481780488673520261354
190984707991709503838998518211691291398043084790356460826697491616823940713577102387629245140003732956716329119146576960587183045825643348072569406205
2936625741585799135287138792180463896246423194177211324795996032200486051433794526932800945055247367879556986378084897298701981545883545781739323784386
919913322590560809490717110091983191854503278266638065878189608701574975559372199094390151242949055436869779578996266986498447384828149750239807893932
1946579399249835743817356227461325828091228397724738769198789955147793850347903377969613071529001414179808337295653163078477412902289840061907426094635
2175508627332249790378125252697486571163238340702300029675995469174862373205135499184334001068753589828728271069257020242680379277656540855795679794550
2692023946728960016280138761311014266904100673407224696480547677412606427969310388043889599739404556998220655769560706768990183939927251883565934629862
2980113729635698978543579242783479646004285861962055816919029434460251220286604938961248871137701377978098944329197245342632559361321996701681552715725
2377095491578662888380523157858184200474721737070098687481562747972766502586219754003315579344603671763715856831435198527645373584308439095019001107168
3004124522710139959714247012769758109316334377966976796813462842984352615860252107905773033876395627347477374357523273486958738094305386853142564104197
2977913630422155224298390759147141862503090342893457097619591394416004129747267266426284155685316081893321070660568295629861435409790088108260082323028
3181480295336304193133793108280058302246520110835717116381920041733745288055920730041853835066098194432419572909573459094300512559191391083847376771087
1863638758255788051702153537012748536317354566077931560882518100242954928979146860185173359122185544721679445377214766540049190568841975517576461234120
2716389307138477494859368075760863872905627427174885284964389588237993608669748464913540433334647284929934805995620348543341142117815933968951820274594
54826158374691616780299039013949209887465163913601773488334252105071023633872250888854841825620810492109752797901362720006715222651874683315509579401
752251736930153797963340129414802685318477192439097989026411265498613259770372184968419128935396540905965531512761867815615313581501759427297434691851
1618846436155833878486801557478630528375344813934141699947265321454312973992894062743157384769916722313470124708709118344275644400477153523390384040845
2675504675982420268100363500926319694532442314276345600380892971504304019180405774350858499347302832697879341377128315328118840367079186715685686466089
1318525853384599249679670007362156674639130592771056597490494559406882935075887372346056952783058753153243659831279275578944651997331558669844716508062
824883502814916462846951816930819183699162918579986494482180101575283369144261343730698227242975437961071919876199496654194864387079058894560657234540
1348412693322388752366274370306271668035957725548686482015989528361068227622080790361477696097139232473107077388259988530951163808031227899834900351831
374664524909793776094383643607789476652676946250923817087313866771023188050684460211880516037981174743230612267512306694056109215753117231771842077037
65794068185921362008212954138094978555449400280098532377277124536269707158321515031017082531345527244050309802485093849034108659029585443953977508503
268869704515837215159285111738796911189014357688086609375490810183404748412259715814769822163249159207759103637695212744381801979132647296567920169741
2855610519390421673917028737626076946778424076873185929607950300316473451567025431653698394228760312268561622543692340765702212918151476259268076661936
288669813929276382954591705913282573770381365446250833961452694554558440065551390906071711111814110963778590529566165108919751931310079213837569539511
2207243715504555504103809797734789767005762440812516939259590128636162211137679949151521571256927870895746493172741449296495912614723558147543022351675
3154882084888257725412939297606842879748168342188405086024153125847276957609208455944390089636203616503970532095669583929568927269896085819197897366947
434291941602760350801484040576547778747119457930230062093127697986984850609041714984206752637117525390330713536876866278855209271869766727916949381253
918000333899969936226366868918159187872489352356690070246191650626826840082089442436992547384428049424598846134924256208632628564596131818802870582319
377286123161502099487906247557564008536190541144074041771461729039405430104176418151582497904208690924430143968924422743470313944442371467606534506607
2179597290549579304541474452517988684358221469141356406293115880027890672533041077862712533476728705368340971136839407781316163115284810438628634665921
2223389209233026246713291309578066000741145033416505707356141710954084202863746429488656434521649764157801573848822345476602275621974726690513935513673
1521234942028320688531053252600873189438662394309766314460329825090176073044599172129677123779092707822170634798829876239908750058986090961498267644962
1593430882756922839106629462360095710436373854683428425023209883739799844350564037747479306173190814256791040968369771356623543478774217911736215794625
1987899732584431523290838291664881391832525051241631743059038181429468085231657616814188291283465090716507492916515736966195397051011363183555666302873
3107298948408244126979254676042263983856010138512086610501927488776046407093447186319992231339598657218749452249011110376709728299261713155777174412605
1943924235433667645537865457985610126939524851418961095758278901540708691640683787540644689208711107982648982586714588920852303149181030053659685897670
3194074654932325888008830007362397925310642785346656722754205842172772760575360535842032791110211074777031526089536200479879082172404300805247503900263
512354550527044923932233650461683613550892546837994575853425154435253121019770678403545873594860666991994855868750309066667317134316156148974931043090
712656764150725475087767358243459658866834835467907338850030970284275049137524404112141573062580029530969511770576715428613079144127377571246266629672
145495970030335457373424878801901383401794255477900153963233938277338791075724908705264783576761210597333293866116940303047617895392709773979672561615
1298854560128294948868729543083389970651528694592793559992949561937095484653297179248916121026940024311871332263422319153472232262318806368854154618717
3061277585230287969359489861112947801115997084772883282332507505894056021195110939323755579863689313497582618065356270984837818384200321825340472559256
1769818997460892361519744109071944006907094532296316473013029188806374676744392311383079209678878840779383038412913714726606708118603631213250643439582
2606652865342899790579906912553578291531266547934492537163094056481512176367703553550893744943682651960414769666830037089369880919917566449001369548202
2340434232863146430041432654271006671857012462914445484273401666257171875106651622674355480097848601988721376988160409722201057103509115176194839098931
1812924098050878771727665267634473166572955149490153021039615410351161798730209487362968125421261554364990133417658989211491182253948867221252877167790
594702449838310794207307732110193670437418335212439346902193855280322123124480643658009245017546468799022549035160112611409693414473579960254696589431
396802766674316299850909311471651240287404034031697782802602963630133534880146391171971616356066198747279030455654515484432793285653877967462250317524
2696985639826233133701366136157803118567292145986273173672167587383488402629718700565218473469826107930586852189210884906675911940163574592178079033273
2957317921835050967193806825490185340787504507345715531505469615065638709749134253296973806760667209994997504256145239244630450593374024228469232373351
2002272453171625538710983698690496479592205865429533998766508092618246713981829611453514796652793405917373438252546823257103146140108440686283852827432
190470072125827826287333945876346718357971375545825243071669650482620587938399148769963385365780723902459433147460311355351700688753573966695276197014
1033924399725407218123941657124830113315465188777028576196234121590876153369057023222985029674014160523206612706014854138691776535717814209576316543973
2611028376110301653502619196640500062968385031967692771338272788454483130505490598804760641305540495205487764983638261218815864219535535647698741615561
2151117651970084946743840584973541070322866470574932740447967757118155876362145919668146236375946440833648951552271140757600161044753077506001010286474
1892146021758973499226833052537925856539482408034944121969691356575028896558031351172899284878764568655317778954399958730139848243956914033120947097325
860921481338988687866102892429368269039668557115336893462780044098581434304997583373646761115788157574114442461548885616401537745270547504226337753511
1802356494018661072578973429476174456079377672201597980230078151682247405636923329747072420211949092748939496972522669018975934554805454855979187058897
856089127132626700561365519186714090446361485077945268448436842982998839214456770680773391484403007206354913816148218396576951816865275279136621026989
523568091703497454391182722833610745270674098962319166834637563236384853654040167758809130696612792246509644688561455154833711161733248129323673570764
1157966424973287882210753574310224030861916015182543796730970152328914721853726185996074773529857343429676817250008799068296648757154174091618374923616
2562930217082711328635331808432273672945525255995865521236626996964727062634854554785489371469058019783158406922220799031607404409522928395767559598979
295919685970696178943244733396633363077104250506400781834386388023133473485552227565009959636023957150378813115012565991053561289945365914196782706200
2617387693670049112928185722180252802104010705209116519580464368413018256258002053110617384261267118454633149486142293981023578239345886049488989661959
875218868466421882890544505080206055786103650954619690778460134819841441385189746991272085643784973681829949216246576222429055558729242630236265529787
491595197355863659424755916546592114138241237675415682286821222506015731505976865523482943476482914719301155450462517218241081119160827127860799788741
3146910825707297702763076415692772457559905979876321284244360534939293670047629731788617883094074721885255329671794734118984072912366981461365972079796
2322397089936922522875306933225157238735770527461430780490576736297058951771296128753245845085743534019223212924715770039627250810761087736905003837567
462571411286269955926089839224447068894328259169940738138944685701211481922180198704089881515272039678402089315137537770026302714001000555132653063662
247588471635409706304473283208761869529377727465211370487121609422195648209083112675523028904389177062405816846494310747774441535385919645840301930888
1133532491260895224391952107693618019810738677924871942891483191924773463719868456562053526992529302449565804686133657764706737541974452726171986027071
426578004158571760795981705310562199968818817326967739533632194964410351197669444598310231009184520219126149777383070264825631265628928933712920493675
2135014220794769210071062508731726699392383588479955146466651685503010285264675290324210266448383094320281592108437960719486647074742382103806991827665
333526282482695066690300820338752634281049733354626154535760350172500121812580688814568486781593975041468024927964489606170402617661855797805183335417
719712840617970896067156708604836333609358776424489922004690754834353029828945335418711446762907534703178868751905718659924830743992449939085549171778
1621307820587934913756120368790130868012232053631943715087715630300525964606241361316289791086987478706734750519410144266762474763469785492943136758125
1338950078154521155729290066341406955835496305025257809664157187938322107450756231334644693915679507012470384730930520227901165237013448191119416406132
1359149978293158462000483278379148563770000205385608690267235956223952763831826842790654071535784144666077013045112729326391884286930769328366631658795
3240239486355555938252499272362329070394357344662130598936811384388202543146230474176910499177821883777338534919794780663548837177457187438105157832689
