Matrix size: 500
Generation time (seconds): 0.6021034717559814
805556840529935905946753669697531489357793066341775502394305412877234789891651566613877876525857622851341187498726288433527734187515248157923943218664
14876077006898513380384486312381355079911046910227290737486889251930606720524057456822762141151190888151405413815601986962394311080682176041951543001
2188402905161289751216737914260884280225898556556184065803558133951215090794374506232526495486422060424931234436447890163963043327671468849819341364199
1153902473527911387322380976284145259343472033018348330398143434304183510214065091836007821582096219941062567357079189398002627349125626160394001433239
583608627984807081802737004548636732868307177784291255774472325047059797138487689349994434663502345215199630765636442666144958085202059223006809377302
915559776387148266434221371317352937892381038445687843332093404481781206422151765376592635098276189217992470214856707932710639047250915788839310461262
418290563899122945287865693496701499369161364959615256477445762748999418347664533378310967502148726781262742777876094262825775429969046842804589031466
1047988648469717699797741553647394720059417606699989420098832791218681135228503817832840403675151233702726450243389559182273058186407631900994303464057
2750309419243374638567878972452897187742099232204892586762945790309241337378787482256636576518170855981009597318467551236525738491986769173411698519088
1587454690847782374747357634331160997028724547043029063008416995883312132104959758236328241813753478506963264419156425661749718581278193406887083335856
2183112625077085947353834239747222206083024122503034138293906503658712306172397777152649796590000948988783719380863407266526070264476306402641720794184
1280209330940982585586152350349709986046337999770459228239304819867003243099087052152441712838410235830580850535985288540709393708897374172494525272137
1700755585123417501442012084589016186757910514203376870182117083441668084381239370456981615981882641234317810461436140765569417497743439014067613291452
2381547308717586199032929456019101378230397606607623844204260526031669430077317464014381058621586802243130717530651130598880409054389972841964858216577
2229838987423157251059566126332357333019945277644689899025920272519764667820380089270495213821598605748019221213375434831357860634470194753232076169707
2035951268293940172209515854202802553162272231107586052676792825139568323630419830356274200123249915979167239129074012566906464792332457423375719734972
2490946602921522551586027758375714143501910803335611064435977903519975939380189001951282789958849849693857305612727315736484877387528688862646384396621
2894294307225020324600796351449774709116148343862113038892111643603513991654232748625213558185162680534971126722156120852988297483060025704548542811259
2494788790020750825487739469290247708780184492708733447410541696190506713219253185713347493118152013369351168460656194853910615929306736476911876138392
1024391497740175413591195093200324715058775337525041906542908473958065351578184144506938528375475045156410402427780033702860811116485133683198671226837
1320028606558572404693570225162238007633900575018060984761331660672855640472407044114166948057793259629108051946520273544783000312767891807155678354606
1903680142843752980323227647025788032667187950098308637324046457152546172165283258885010735703827250773055875036370623057131036395455701621329388476088
127352103266150423445464875666411030209661882550240799441643153455287796083522127531751095861760213635117362776715295638811306949574849771894809718858
84094874342670866365317063855467496439214728836367840236677100520792892432665683032343091259566817825074589600061056981065639051253415090530610587145
2122755731884656148459006534330554600841189266662767347303348444488115840412877362196952642377344486056468113776145109335115757334777679325276435019811
1944442909381857515312051227525631939334729327509119701961927933227751681593102423265251479489667499297969902135179894980425308072032760061123967950484
2808115981794464374898449307377322882088785238216080902888886552843298859434515025636083347461648494096259612981860002880254537913749719805963912958519
2049029771892769632412865245866581652078897357882385964120716635765050171169437538491414030632507021868821667099604268293545964750621684003280192267918
351415024342914640560942677722041992157329405322082955328145106577421237113037597834549385799631341438781300699180489143307833530289503816156220788977
944077944610015842593443900298712084517692825581773428008670299958137681082687765078343245537907479585359568069093100678224101024016018400661217268346
823523546926563825714201994743433119866552679316360155782051524187528003248229156609101929375205385608283969524141367135936253522728820042534694159231
396782335961549766247036001053832153877406192400376088802915376770402944652325949783336242601043678180487590778095279315852537442683167572206035843514
1939504593036695279006556116948036818338685465034977417874395759526124405527333399309648186214896362235116586660957310076027416066346416574133018061532
1045686808272002102624463491872252696788299079197245197603687091918500126092474285173468605152729596341103699267767550956181757443798939049264754682317
2463765065216111608201841446393724561693110485091234924711816955768537159244420660994164857181512072925785926248626971676491995299610883477727725895418
3105649525509718368877331618735184734286791570764340183571264421293745444583409035771396172725444334206477247081822424685404029427909926111411752474999
1243355874402757341154566670736132496809873589160217098837798776910710862635912967281950539262272170110278859480264708027557716758384969091327545386401
141853290901197980856621232284339147133300298097149447918624330467047588628621942509726419322298248001200320655707707020997192145894421014384976465232
3035504341750189176246681056208975378264189016050820787562219703736920802510900389176268877302875627171467256170715538653149015716547127365706336965460
2477117035249804960974285901157658796099294691261785632313380522150180678734063339830240842948179298557453378272234817386038521014277233745538106684597
2473239507303702453951510094428267557469347325239750356472084047458037309039367701055735959162168837747138392773172725282604688487793086845296020950896
441140057412602541161461602840974339838467924642626344098691492163896084335724198856906070183252459443738560570278940978980268449805764180318441194537
1476736013389684856248704740297623731632776212590219775553167784873726017176231750680126548370568259059009236672888821329045906798014936893286207931347
765068487511318646887875903033699112607820084023222428696001181802018668011321013629328119805156697214859108114602906323925248574530186574877340881815
3270788569991872827586181056917401432978619656673020086170092525690516462298255736222157210368549800688560871987301572497839715141040097608224449302606
2484989391186847442999916142592955158966752840675152581072887535971204936460069250337713133510776620754830708560125011879020738971681255234891085204063
2117253654890316600511370401058317478846470273062196107104476507535010538764702729193254815535680258753194702146606204544760690918794708187924330472938
2777952070771630186711678237114478199675563911750184179326387548990879368937185263856862925767868135297020292217793476726553294635128537948121178569819
2802696319229145648986709367987892317995185847343660931064825348467415604842565693336705916775272752618267312433352231463097654919632768468127920466500
1516890358439949610583234272582211063301432082432746853229361202398828346371649092232792488323803354032216163020548034606583143974054914908930513196612
992007551550238181473127830966170825710197636060174458255043843699867716984366887270728900323198350188961721727438340382365315316376672562066587847462
494621523501482653698495241570128347553838309419852412465820732082169936798792797768427968880949281675477594886639273918659132165979963606150352611887
1603103334972679229553232159745664465092034021838500256369007976842868039136763966807432056786776177087268161667719211306379434786671632523360013495991
2729626981936501146260625732809268155652730842949877276663179860704854876568028851548490668608609660947617758235641833358254194572468738361683471103977
2869814735882536020693866543405436289780489734942895620079616756847884129077751816425211890148915656568900609597788160250905346225722206815287154098139
2786193802161143847651509392923668665767072091276003917611526786819843234402616319708786040694588255566471954979718079975424340246895844341117765065025
1219032825446800488577924966000405688252949109177913934348270804931028585744762159688958765304842563581376175361919936407905212297882835310021366743052
977296544219916364816496870902417465542537812784186304752809394626459490647688936689814083466629598448374253292565247735322775482628256809379372227959
2916519626839606796186355214452097867663059852974647038391988006740838563256471025773327952823405455918098367587964499694977205142963400572474602027576
498476739292109611961125434360339159875973468013121127427982880565468857009266876056698712803091645628654727891725710397989523030098490774926541291704
2075678217907707101908366296922566191864360788521660581065955410966007567504873595870747732055473050410659422439970012440868186785771718357834162412320
1504894261380302696187441319901785933732018267830960405220054677677684054346133774831584746645209888698611162294216523299476596695796003854653130978933
174683033185154353882323081371711148595190127049045902024196461395858689001333968298742099732884503977408483570162262078009907661081123646720348909900
1798511948463122045000594903299206206825054917214997214125349814651078094141927668984082017109469159931762200471720574616256477817888305066187401450947
2014664008110427907354970328931179847395248082774310966467657079158505413340979965038126631226034527295869453825449641340940340891081668085099723182367
305973201786347022815567444657315348030942350818078010505490914379448076881379567307237666608506515313179792690284429454221472463357493229012930594624
603624959002427701797223272041345079067596710589238162183803915339478142694472453170424194925172488844751186685129435013570762028975447976084665343925
3229190903407894532183710275055278866120014272836694417222968157494591716236238860293486928314933177588118683339686559644459783259364464372277254164799
434378154812328177898278692301436368647512895067060947519302532341446587730483933883760998175193134021054369290011782552932573757021495474759835831234
2911974589305110720847553415952729416720816193092731248785933099315288940701794055462773977661934967470274342956471170739576638208670026449662922346727
831840972395079084562263867997902513710845946768251572622185249353157751583240841430705080136509876966216699890653917120491374061772757863219293611693
2225956519706258173000979469426360176858313837920635786082156082806568731528123648370562249389436740588240116573017218572017405410976699038544570662743
962189241439095021726362606410103177631707444465420771370754038133529875191517513660828163141694413543183647715448191952717561884760825923315944126770
3161854113956104985990675472593997305458095205674520723147027363334186053105794603622491748467224776915385055125398477586731074726946486393559153147259
1552835548379247990365233294842542103816653911996342495128005480911579947588638571954766306054267513421390864419404895956277528618067349259387377825768
798614112704967392240929729332489676442982563835505997172982109370447594632313814134034140577347698193342884884846670551611944788775041930672127312489
1777071358387029508358135927564822409276032020201559225715307833603443753977797374891179432429558764167269785319371039648774413567687680632167710401023
3139565556355092372387149590666841914161688156159873550740531702106269639436064170446814090040162415265909357810779423801575313428722964834446342339784
741140051971046785818605114371586148318398470130960387365353484840935810415190012134093638899676735116304589832668509556079150776815529507878033271322
3144920067503430338639586644839541342748549315073472962854758327584707085818722529385081842368258062043942283249872087852803215048002866280823469658026
304563491435162285437828039580270043872065911918545131322440612310509141245039077658121485469827066687004132467204731507401666919494243618143318196613
1945232826880603156711600830795275630326999656349238486235951858332855167717719360572432742772767722472737057542139658883270905055940429109693598505574
2688725786749539550127612747568497599484292772935184408582704274640620206565473799255744263144443600298928695746955473057018123436959700481101023205329
2917686330220199101228814703430204144134401746159139440824717695744681851548030187376189259710208218388863696813419384536881206857180095292059040965386
3016115939761221840891119964856486976271523622592812772416097008678502133102083881922166691132680967331312692563010888695601458534185089597594261231272
2081652594472960758721546900744168296134108472996183702620009097487978936385838386640275771279793857360920700797229470062206496504898062878732613933907
1415245393035318012544843752500345074160507717176427743287810717651443468400728850416123260282494475167389941262430219352698183653338175616920632291120
1168153361618148298674181333098556239801499197675116956959383340910711603551961735487178925512026356138682762349969822197254629639564554341119941145174
1619515720746994978282657173524165838501295178269809465255477059569158680779639989902354872491438638877037881242289549192499352280594415563191331740916
2040692889161493424571193807987634285391506652207091635919880687031532882340796247377451449579511320581726919536715780966542818262284675428165689053202
846693058417581073613316436496600182559484129107351466892819091440689820763498187618169872620557405796533099810573904820651838428429565183333448477107
528347449330982895513099321371044226661462701161917794037786800515240178797510930518471839642579196835532991409403402827316010537353694086201485838194
1808779863952020753639709334411880945883887683460636882583235799324525165033996397519465287330157140159072655833225813153550740295997163862831839451555
303867885727204727340058602109610292902827217170123841182482825854351396795810477221451500742654969854658269499282217892480313899322569076377892252018
628255697912850874984046770033048434111665717958928713386960835054894562726511083509582668265362617130678392048632144608535380510696567642083567831342
86424224978978464278729497392866078934782891032203611941155178238252948023602145736177123266841986412251775822139285288747137061934199459189580997081
436854146079413206464664200557318795660860459327700016733199598751975738808501157674982296966272964120891134236505908116534493626932867744829382992903
382769739224340435495153902349332458905694005815613740206463239350221203119522970432684664146151260215961650299198378874290830081529456994294425399565
1727998647703390400199493720041746603149770746655405344268297821490771827003926162427587132422197881441473821296971402582061953608399275288565184004022
2750862928181725025920062256654274839417709238612543369303817834272725298431743342946564410638004630585035159032657867775105548468670204113484906366407
1996048321123826304363616237879807196980692827626018599086609876366553968990943292512786548065394020345749677066973334649950922901283519037828653639075
1408478174157775932291456079767461150913012835392549799292260735432016186914089840221127908489169298343722014144389723617554264808094920508293989664475
1168573499323249231033131230776355505247430015369645861501559613103998076108383556822640378849063946410480760544034973873280847948806718211414902339449
1276853364953856697107435446967342430763703776489748641988505658399577618527468105904359059034004299521652888487148161888151251424898401544462280370544
3015247099514046646959001889406595276613355244758403148256384795092354529514604457753158535352143587505851671116539761145760516649192469584240384264493
3005081630232076146321114383096432606232706842908669703754712271734908866493157063996931717582568238038226977202702961493979579294584251923432697789163
1750169952272050250362180391096950022082369543025966589450334484718966932277756451518662363970506448391205849657936585296561498570950416193625692693392
1738791132303889148622647014645235297150120135580838853860043749589832899772185554087292951151076154644628087664345729558349954033395072675839875838545
2139169506652866918867637293240171184633726877060944143632674000327981033614323050480563231230097321906300399264295073266703260499926048617891625510346
2229173500272369837858236957232349863541971170579053929413784044975657069775503907037563853021413001480323544437813532554111093491071835142075458502439
1747542459147679074556225553442540782120463008822776263435973664299855809979009850491218804110843128190687493381881266434176302422378275053612463091448
2806591817083494317566112506884442150239330731599648096497468727908878252548649083576040438419069242522753312750045315087492566962303158439314616207995
320372646874323215467891447635747561733680603565809968205138502910017214589589087847649250361248658524174239447135422482347466191307247796305834820705
2741082722709473573331977625203123159536955459877977160217971814477087133302712967870661724336798060362509616415672042627449888532016024106129865821479
3027767544675443770185433738933614280864888569087915942019731071948587301960680954190346216179550299525066681674508280014089389209631624148746576508351
2579259250362058480414671596755077518692963630359838998494384387627118935827057111873585231638713391868013395463167961660870876055217060387314161374960
1635322882152451093345435493618704258701216120270565147338888104013034807175855057345092087488033799645339567660076517455799290987571440446764066495704
343012857209459715181309549320168273078013565932685897044225983686167370778045863919461258849398269668728404739022179473067978126027211309351186530741
1258817958887413517768256561911420497053034335082273921091902854512826767929951581342626095020360310964841076927143477295968975771113581591960801985615
3181033952451612808917006817656744800272187066597483401150495142425934372571242107907666652569098787799170436810303035772609823381351587167521433181658
1176550751800658310364284086936198923812188094630607925766626047032331137698583123796111104213807361466196970948190810490310508434555317004229163012082
1564140587064176510485857403409196541392858146457925488780545934336822385722268780003142576522964281785936539518157077900311017319278885272701522398069
1937398474311292366465321766839236199651153011854116248754799153690411829504492498465284278190697476590985029773394067753044504306845925736817646786714
89765252989841332171707373552913793302224840496731440395926921076710900123119351041079165115536690502333877950832299441872293793941010581595816721243
1842336137959184598536915776228742112051477199594741326486455862635703429239469596726633999960772464922275627186070184922895988889489992112892108463894
772755041060984036042776955724291573831507175664409739371452923989405878363682773650710230608310712473937362031395070475901248689391873362105279980075
2891077335076968034368380479966266768141384151202565952565261357823161532158271920530826152819435635323856807184212752962696042464994788104373437925954
1053844242723830611656683284322667898341048626839210915790335808383866147805189347116471509095893379925045990198856875064445491215618000602436722085836
1183145364613070033682688828289913354469461094145475888989984824281503047135918030805576319528055546114075796469704588086837545345350174417253249225020
991262672121083949416526934185617936385424110313352488577996983246734952258431728645617186398406524777783350032936821896308110409803289473887792062011
2503848728140457499505480443546594994681712573911425285433242900065340439132920510822629461579367651090863476374649844993733348556797198504070477033108
821753653735969502321698377268358591175785532507232048252345924228960130419311044737461155401001131958407732915506126440762064650836491253380460671693
2159505802087608216784308886436379213657336166287327555218892684517019475575650142905223032364099558532884196885247720554719974071572380227069253318452
299658014758925903726426992404933422396440256030248506207131256676265138457690741384482243816030472040185100858129779737256078905230624061264394995475
746501605988844755384229941791993688250470863109233557215417218190877342693894132095009055550422152681619793825157800645906728039168411138024308689272
1166567975165416647040548703905921453263351872838274796173631488904006203740812152520721051780261293179035472077170749262290872647367898213030082125234
2559677912414040702153756349026353053952464570881735708459116403497576631369783576576656107630834932241621292233553759255397572760144677206119745794307
775451511034428585024935745691057380598464164817995854128352421147789927973748594451089375614770068630220374164516788070008549133595965061120855610873
2350482751582866763944009177784145232588539121997438975184692173010837372993030414367456765026963044808462767544450484976943884630985548356924606702486
3182437058720319098060954611430202604902436092873210252855849764936514116088764985225662987524229082928789953976730717182603229981869063699635181343076
985482101333165050674890858597811377637063277046026293795856705073189383842677837089727267049660010564186718032527064988407311048508911791324351114401
1552911766964678557642505434789785135164585985982887960074196017114724612798509168411866002829269700668159701453778459206737288438248809099950709483381
1399393351298515048517126331044796545899769036399946045236918443469400427516430020951660732110621645566013127578415706256310634330040288124992541553661
706647267104763328678006600060878415196574079753721296772194972283809859246378810462792506596312293099834961681556249042354750190341646449708069688151
1326525723225751150564569352438390624874854321514452256639574518115675180934960744931267278165972051902089538150976696001562856642493251730586043513496
884210969832716704879030309516288173337043743341360500172021411589607538198055370954157262372007534014575437407200516773254809890941112088915653500211
1814181906610727385083235019998750886564633837353267039262945071409594979576207435019018303440603812210831530860279103890734656491627345494919075770204
1958143359432197426533631008619849455714901989468015442658445113708724676028861264411829265187764016105070730985754355508697175948112207280164825324303
1870709868412158932119965795800395282663810511487779414763621264308851070001559982993381149518907296163831917991500656663203573972756837460835574936144
2522779262841547600016416112217714305745228611257018181238171667433895715224061848722990499698967456567024586741766372931650495583227143761118487313108
1151907435468295443933710889226588987163490657522466727016283395773324151199712965735207154549918987134717453835247401443955141987105306211802298291224
1749425543487786016240010695599373121994325399045185934955240737959112068405392969144103909593055942508033377837620059779865721064453119463651906416790
837050267332200251080194920726197373451896556307890827214581990644821634683640830174884177354029430823774526962011408037502345215658583746135881984264
2168961330750753433213746009862611596670552457189288474444580455370521001097004726707731424985079417247519508999163258976557899471162670801187039881904
3143959035922298791756605937840209306621798437229129476637907248202571561290681577878983336558943200405589926377110443213344811244160116881001102014631
507517727984990278507573872830628281189211732122045343310380861959136553949613522716067373862020074556068485297084432512623806686185262797619649244264
164319670123034673232917891034290842068975332679176205451234771155189345717708711698863184586255310812299220486626233194375005976208766314605445648019
1219169403293407149274092464088348564373635702502901876485287867894408459521414135633256449434599023948559841876329600710986190323976168088829281692653
1239108069201271723578673652768290880227167414757693141006414898942520930217364076395380017050633797257666858690553237976791250311655201224238488415813
2257216873857599088186770485731330255172313403943052031641349108861167750261791704018302455528764677351207531449574738010785158429121334428685856498730
636491304289936963778005914722176571985092662526669052089351016773175423452544112683341044736141639070008632825056282804675346382756089778933083847677
581045096052152188541916878355171200969200372107307720993700930971188663215971658712400919337812141932993812909814309411422014073388914686376472450313
64307202281322882197898576884407043736029735627933840644618009533861028658974090958035647547189894954459748662203446061637539333088928187864755156909
2882583165866901787651753548444991441915701786860522154248021353956456916031547491566130625383141836650841160751021940525963809117230715401294057363672
1218519363401318497685020075977941859784471421077641792550234180526694712641995319812401671082669274450099397204274679715319963810829109713046361220317
51394334845866200373076900893015128268246102119493747355992041149402860319900384365117956935443730603528668917435288140470076640511282847734342064023
2463761569148310588618584024551701718730230057961681809334748046162126824203954190817189884776090893953919609691254684237232463237876775484539077864259
943133538362181007287182656665942740700877232678248756868143466773279962475751841399488894921676279972052869842961309636696245084020824291870686961220
629598738577091907252171411706796403816626682899735719379196376700513177610373916456005149578866000409533335359593479799080295815272878436095442239293
292621852286416951894166490964693537783076653912798404271488350978025806943950907377555120600865601170599355129852051860182858306413095113034934290184
50057996732767759521969739475413280387262439970102147117766219406877115520410362875130270919364501390002297275052050393882405140944960458306577793093
524178536393437960456681526782532563475866866660526102391040870344968257419967546790462677990729656097026376107168392519329689474126288859692658036979
573643690816091749826036996218754613541721801144945070522713066336009109823607078339432916558938397300343345699742129159956453904860081551114954444051
3119198979839391390644479587759658339651716670938565019619623195490693379716358599590354065309821478999721586776230837599554818258343880062346274561548
3106000674523218123269110164180499646426574698373422564358790335288683515603252106404372634207229248031157548622030858903385860311705224830004171869465
1077977565290227367583613036020484741119404615286727847348915084799523623469059475200181525069933536503837691884530599746655460408273552539464719778468
575703970435112647089974235714520954358395807631374923511886052346809826640688440347735791246078473699076550685082989549657023972055597975922615038780
468566475035155265250523866774791868610884926846485365966616919124049353448123123728704654765782215389133677508482914703381017457601763971913420635829
1006914320973503557354895879994598421851333980475788701828846828734909419003846241440163410626353845938809492803787484320732711385118438746635945308740
2865294623806021544149751512027354610779444767005734320545615325215756172662526158319683815736025820818617807003846559542325109614375867995080284998229
3012051083808463929435979282109691683903443419686954555263330999056309847008083386057287874213540450923223892866869475992514020475787852602219145614494
3023903545450358668103158442583064961242029285504363367944725890530620274510361915763082163997000362077206202159765100432523082635052078451687965389572
1398751992226405557650227590995367645040854686075526995064776463649793904828550408413515211198514013861923875177959042451201915855203979521204557792010
2070445669722144720004737937963307549114118828983671994512285301199230356918254685021079248020517380797402823396253410393450901767233806380354928909462
2172448174986988841534446455778745841952636016955423309015328394342100649069658661256258586159159320233269837145471833115558846859491675642288409660915
899922019241047518005281316217839457973352401900835933012024770498507894072921497939933900108954290052956206356365383573339965624087568483798902532743
2868339126692791495915079510002869574831933463714709431733762336616968342364909711608238809546000454458122366870079687200324687104281457585772370084175
700649863726104644957791514598529434141941447817107593217402139918235231549113436786751759387763001616559382449249818666809336354919600561271992941160
134934475862468030722088759659187602156532583304986144877186262834340133805510725663670606599260624288191840465198874010313596016416276547753960041579
3356721134257497643827803898117715781453087356069941580161471351186170800120358036402131003457047224639414393112390251141349852614463771351276110567
2073727084895873988207544751020940122845258845828148426674013531827040756290133273564217190599351876243126981358303908821680859622262863384765539870442
1099986503691463394972972794484998639593187091543441393220495835012362175747094833527967870690856645787181771005217360191428458998260417660149610317391
1156748595142793451627308148119532663381389701942080651189674383171553693077690292592443412297020750436390269110309693681453207531620547148014871211638
797621075830228572537186004731200150532233910285519180211119370786415132967409430525755788396155524769135755604345489364854836413565590707791962775421
3187900407691823304558786640051149295473804018164668327826636788658816278980972397147601091102386422532124114707482918522997071357305061241164002870313
2212858317292863903827696165058349849666060781174044949861981315144049022183003274060296825735892437333114895165451702853309888226030993338758760687453
1733944721422165177562930018634048497741546090218908119470525529339287592647425689100675720016080722116374406222602225199786352936403247170044920974751
2560604798256978762965250895490388629333821773838385022971457128099705133502306413314359555101306509386835581119480713497963312696252389525098400338916
340941284977177456544258971282773819399873593596810227553540679853557958861007218139274043969306978159686843799189249611361000954210957283434342564719
2826719952527634379428813530135696153915505821683994561251195666975457491576301924906352953824007773607574691282806381229867278237105242999465756390609
846451338829447939311519230313554715952571255874144150716740579521672149482213687339092972946208183786410710113240375142681138110709348793893717421990
1658026840036639182206547243430210027180306056903492974263364344913164966115276763307293307491775936270369298620434826215135130969778496185597842605351
1334648089457856862382602145368720144192735799272887044304718717380279257156311911975012309955587116616578553671198804159046559975342453373994892751412
1902055627823749805479376694634239332231900738597275171058234571986200116412076632890825562311558357137402782725277283248062348799756912498644856764223
32968324365951499983520197551447011334582445604022109024654955029171111286883706102141977197093724864043477143807807140345414448741466231204631111069
1904909693443452019433076121343063647591101512607430375957048331925294121330162490843210121794771948754046518248081336135682873885222603046342394712778
438225508709062498644132501193564392610701213914778548059811572389683569232522017779122551914717489165551240262671146404523546278396409165710796661986
829105213108728330702599636889320024866758613302226157022628875732450520110646323663621100192341878871980228298131663547273648411564192288790536861449
2758537117947534957751629351330750789339908581082678417626748502973225907452833394245225789833651992421802390633811725331612915803897589649399506096520
1235214811197049721252749949303609557831984679356518161515606500798346291819714080781042645177480080017395171972432122007879599679400143530505708938617
2873202310171779061217914539201630105906368683192060949930932536412918730904031100907833040016004298709745780643327965499313677590559393983480728567883
997146465482092548170970007272344650422820360921480118435238836054011667438773441143381550526910802583720983729158088088045012451355252654540031224295
259311833141978635191795764789100505434602928589602620089281873111877393114742188909764234780614511739601518401657445516507713310675792683305700141190
2077375327521572658964781244770606439553212576449494224783776692649880507811916811007855748300641849276841332360747621521804604911296755558015124733642
2812211197460330856614538138729053474941876847653568337547926585740337849141044389715256950664654601840173331040845332775439791240084927715119785735576
3083032506680230940767983507034556912475211844077556747467152172314431059803408283432000554372022293721292596473363056526504143846806855860067800496531
1464549715850165110777852442851554231890574601975881712733016718053763600025794030001556523334225615668637166950915186864278546238185242550910537438219
2692018395386623805913937658693244956612988891613414294802334387093404384543183566562917731868653888492157354062161140187475949978948129107232543843126
856161584155214539778362374379479192163785702381950597903878618288519877701110867334269255416972982182174303219112019895251257236244434012843090842741
2953235663710315369968219049513061800055781820139205732164661101950111296781367886257041382068175863992619504437895833673605197266370121465662649584172
2652851200211789357123351526282119920143513861753742590258099794588248669995536120354033920809220260210331534593275325853999796716735848791942571137690
1214375445078224586963223782523045108973145030296214641073640513083948463952701301288109484239022158383601312580047713119610775523057473177714541527392
3147469690590529278117137193679466840341674289798833608191104971512973619831352890330084063322886986402057891279946785166909202537606290260047364912462
1002604218762793410621077270250336854286947948982426089616725185992896310030200299192907622829741173364968507529318508242737295379973422227604087603770
1872952780639063138811202652030102256326905382307798412932719190130258019004580871702041311080332913651184904660193596696140506559244060599589339611298
1515154430357423497093645134098984256888434560479756926358475088386110790953155614716786787393797259871431709557434531847183689776962360460382396218326
2274666294864921431840276026940455835175361526796575520986154603861388353561716041094817703970766407403230583945746687365178948531461483057354206583271
1545106332628628939039548887940069547119056702229115338428346073544788566392214290821524246963512575895696452615756879285600210061865608627901187133033
3029206256411625702092051958904224828536567484200241038756205442883447573382699874267248363440920870528113820404729100973823124581869766949087199552331
1444902676319688932853112283295948328860893471781933860126921667365207734619327201353763222866475278168216760330685398027248791933160890252031342138185
3055191440115157607317810397465535049104222079516517606387317161728621776997804701709771027210565030240003999751526973512047154997510078772501075988584
1624903334951242814721994364847126742394084676065140948456785336895144726892360621860608904916479774201869675683299175644297377056760795237926453734899
947010059086404264932561502691053171809213542004298193912290990400869080154075733823015225882865865226675380205309422763170851554845132848768011110921
2949321866383525679743576693510864657489235910835718153360535988331434363137200838497861052035266660994096896275144816361461739658957982569889297659120
1259257914389755527207637612220126464781001142219025241303976123411911313776275569323953574464791132500370024917710114421451654414059810236283762894503
1308262256457475373127762208918508085419741738801274222332478348599257124325058762612357881718519105408878968053688166549458435414439375478742997575380
2612039883664769814338741163259267016990430168780964983946885315978140279948913677547831766689256280403647177202883882827095584050003712713031461560112
394519077891755993878941049688997169908042909940283365569537968752754147969316620825290709266681100274897854419098209657895613364234255391997080185243
1858646193128560457345528727625983220442748400953209674486256225343472030458655041535128811323506481522445747920801907156302445367081765220395276183698
813907212387154193663012043025602356363361175967563697409098331804543369619031361467874182669156158983337720589388921871975837847130588654750948928578
661136030157523912926188589445186941213573258945620120014848441751156908001028557125100276535205997420264766616231021611900690708501808590368970385694
2638460183265166206990306912200315452402905810040626536388726693155486957107468929185957287041786232331824855809450231449815079814637417101786782804553
1117719141615714774005168440658047930781212385622093341101079898975046928207477334657131334629726012789328313579109118724417070637399312536271463238221
46849736038243479222864177507771406818454170049924518682389947245131985490086609306019060450098950514456491007365365677927632100045796601410669429890
2633312697177798004710964493134713870267888195654983303132857266344576774688580275638916450221030554626604584084001549900120317402764770198426751517259
2312283391491781914052286517819395493793537647798400350473803619758135675582270284859397531187943010026213727453711446008347648339037609903272025272493
1111569291413943036249141796190860635996365119256003482769986423894095233192595034482846950570627547966256408660239757168276579916288662895117984173924
1665066019951889263297212980512334023540789677814179532864275456609676146991374869310552999690137258417414924190958351731497320435786077675544501505412
522778795682240817665374046504092138525836538823611367092300814779300869406258252111481854410189284290149250949222560551737965986421005825021707842133
1699033715952843475822576111290448358927128769674230092118191490807691666945334181660917200436899593155901795433040676553684307123678067666247246759212
2407808216895811235538919106693362468474454610951551840929380412520807884706559124206756944371755603764017921680343935088873258564454880479639734853340
2481121530939659328905776596412492861871499731996161244905946451374440949251397028189198994048243637170128618342184448063073686060248004046840250730762
2506827725800572835804018221601637217601782601247441565219203585374682315236757231106855180734042933142373514215838396526444189636648054943656873449287
552910955325408505941066884114466615293771451391078759487488464191422318125541886770950504176188708291220426000258903440118505792164069124559062298563
1240807151329622422957292579453627056257719824688222783802699163528277450655751525257772616667057881854237080941527013557643107347382583964369374676533
445333840763669997025747618212716246001268188249660255603070546183382488991043020882024046430650323489824728183576684690376811308702447144658979636734
143471606647809345647064758711578296504970212863873279451771039754950177665259094038145818083334410292014634320865441790314930634130146908610457551674
983068813769113134257205814250287338900819153577055594854572170530954076801984851802928479000564678696680414897497873043833584187760525459111952834713
1467941493439068918125181829388210758947173161881608724019180125769493671854442101507654473059153243356642059555761762238649940166802302088676738496552
3145686416467578332705144015159210567452879484763640731636262844674970418283136274673305696337707365662378160846015592727492108950569805967985640383648
709357493045833166215329329255415856823352148868901601198706350699833831094540451095765976815938588480753842104255543325529806512417120966749874005085
748953139313374768008855008240079424568291512782559576978879396009290223047860761661887862665504378039116267391047579362478145791394598281357109251501
1921442556442842446869754509707363735655007880940128019762077177682554971793759056473761158343900961287164119077273115552554690752840315135496004886108
219815788262480956127813400927876352160225990673151291988618896313761036881995837576709579372708587737554726467605509521467670186484229452347062684496
2141458819779965367119543937249051990371961472593807469495239321950095781967861680776533746642904862097238460812248969872716808899239200584989093307937
2717885834836248622197321216039760993752043864843638773204105683856093803899074454143819677694304476191527269495726997037849090412103397336015889656850
3247980015242630390373376274094328461253423288406431034556111413437822548103248976088526675171208154119227502256865910084734723388117391918994316935068
1246906091110654147064971367149569756154435973692171337625624437644561055172210429729157004303519170475246228747223420068176375108968792181353109635643
1198282132766515192647388964431112721417435263872147199266597242726768837976360268392319697432538499207936137832020812997578085138129559227087866192126
624941146213292751993984219007645522682131989198301171055988671108736922760286652707971674129799248630628293300057154924080654564469738627347896362915
1740032618954461015786658492974933157871825618235003471484204919228347897435609551614068496812128921621985494330878494142372573268888725539285068577647
2867499423264568570936620168791781101716603771087529071693982456392311912845418109442389014290608996626497139196102663100811572800458478560668472003185
806977638315338333361584835344700501432062294573356643609923277507233894123309165065514830722125545315604714437492424530814383010080622066215617958939
2033219253801065438143417062389816964594375823237318663126957097436724896423796570334978103918117045811475031697687412052126904896522707382563749169495
583312356185530679999646264804719331165300165403964049125856467735985801423461856106132234201375536647911206641198484193020556139126662038601996439734
2886559372081233592484105795649114376674166478031090290869959535119735429145313552488333422881969147554351962617835387885123268730765278640723363357125
2442047238919292371412995241659229591015739428938553861016264667615086564021389127288557283013202620025439103629923858498321687188681881067737582054999
898947247806101123326432077392247550974405527236229762665571665811695190298199358796211570965308239153458000937989763824030655230425654045224045938481
802549777568287571162809151685368869077259782186862470881517913000335693307352922843910509153078369015693387889784247654085755741864063743786923208021
2445719912188734639321602567944760192939257959305447087285666676958656809883302912005069454155849312186567323975008442356276346944917877078298861198810
140087404048344083840612141412410078320424351944723174453313440660118229824615179293010620756033521630189216980423463060403931063804540053245798761485
2395443016603411248354697535779774846532991931624656683319593989845058222040863489657996775999357770145109448951201395050873909698905405088027122783083
2921774495431750535649185596620324284702438404186975807355931210588248516959146081473742598125323923676233756841811753346750214576179494076398305862192
1259017960841207271482417634129999515360021476634960536565757595661472971393068456743956823587468522397947918584036600670345699262805014441531978646934
99550597006880207959141350867078339406524835677221888288687763377427322707056478319711616264172417327197911897814365699451206752291300979201397789724
54320069798732331221573314240627758038640117565567232099270295140865339014890246555576780625335189148045364329636500200950725215294955880643219453784
1070052603146225701575017095696833583053221723346961556782687250622110341226265854233468088427512160228238546733458850637459165076129878410012107833858
1601676927399884710954255563462481127269430034990640839804608651159784933551681523748805324123180485464836160920567676057801139930594094626753934553774
2720308341363758010495021685113279829177073324722401807803463094879968254059534529261302748920204354189745490389750560901789249249159642460861768502044
1139667184348865425592937732140468359944911464201895289259318358694990922112538367178873639054292222063648174742579929776359447055069666385914524991959
3060736236445605225624512598797104197836303683743883751896950032724937358459259682948448485706172028177973446137429125240831890469675233886788714144193
2462610119656904550433308321496141459545400690991426092913292690779502237164945024725683224308200191564453284604929740886466832782652126175483717588533
2843437489020173148041668182776272360475731845769545160607629390565292923080937469549809137220839084989265607030348079132631332844840870938344676243039
1735044033692446655974852530848644147768817267412583779239323969455901678689961994489296789304336406338965345980758115538677869894006108792414452960646
908976873740687342123469806997877847205033447185403952651630885923806877548335329604050896959548064934483866474469012457779779771282661239743983712865
3115721759949224430327147308489761963666456600585055233125287802179690597719957330876753824695129479538219783165400442127230942278198597995609293095610
1623901060951573289108556286801946428583304143420649544172560759726991191203077324961876458350396360133251305915993834729879743512911181111815986247493
1381987445846115525952360832403490043044217289614553665738015892543507440949068251303205807034346175493952245154603153214772505330016773747308898114015
3019014457150539570266016135707976064887362355209707550065025640612664678569454359067732727817731843094566630522363111886564234867641128245257021213261
1210749356382446175854652586321677204823687439697241646323151717294140375777132565342489683656850078929527102325824484725905542458948725339656053702779
1443655632394270189201427338054216975728762970626175175892642558198494495268945188656877304239591248790559937047814585745232003074124409102396719212611
2634747250068276597404977804944341847124399815258140250116491449918724258654051554735282515188052883632791753141686853190774417364274135390593244265361
504133485406568496087634925788276183677686803887617285314047535492895868521165278107706441339044631174746981145647494394020699806496826658238704069181
1859470230324112749565148519118331237180694619249681919187838361485282049699646110734300767334493459361567680916868270258591489469236713475351868190928
1278263811221192046925582687384596475451380854831880935346439293829564310886788529331616584971724971473186281633614743767249659461497257301442890347934
2914593249524649929570682733411407935857844591987945540471414882995091822775444327192778977502496853129763625172515652126529966080128451611902885019139
271510852517666264301362894840559757818982362741380239784352676451326023103556597931454459884758132897101415726821505648893240107176058878911383580577
1125943266940835405575138195607146711581442080268346896382638337969906261414077660998465947428135869426449876481245502046436744260200424619404178176719
1945248083924679719135626684403891175482501724691539231802968255616499353714297393614003680541333095979302376062627684823489705983626266743338201710204
882808577795468670601993419378103783322681756285590753577271367009243609116729546556738088584366208447255870627327305858478863216611383220893100173321
1089810982426232052417020959799237747399247010230007691681258359380320791214529842433159423394185108442495115836429525322556269372504358723679500369768
826998350737539424270615710548378338275313137227463600868577842339863605650612223086811113608931909631196779661752291029246555869560998994205104960838
303591261004942999337411323475298251650638547261400464812613938480945062096921102608632388420765818918954820098539703963864770806796993613908445118354
1256804343056198730074839155955683127534542579757214144768163310574405210707899112504653814037768950428504297608471967229910622680303780085619055713645
540158451828658412198683620190902143952576608299202525558695487499320746784772974974859940823813866576321935580218213288622408440951741291928522265367
760023669474278343509133103745579399743876910205612327773166013773787010366338205860125120088104286491053987089446107500322585970570795296277146292949
2875399571456869502394048745527328738934503067862637212988902632374839170991353535701542852267899769009106186272594289701750489220758011243222863184699
3234362820726802597913508505416883038781355076062125780657867265187182516470241528200618561957879592714329240453468473044029241808188399566719720729695
2585737893247818578729481572475475993517027520177658731861235181226745379577065240102298163676797599245826126220424202639809241898319813267565280447229
817367481406542293025230444899184760149026527739731180706933541336341596329338129665081343392933659745653547381823240533962545219372502693196371148367
487546984248170370617739174276189446541518826416290130761464520092990623214147931830370940743114343468349582610605325768341542535022901846658123142731
2466355828127524806056107176328068014083077776833675027945821351136685327299505103176878353652309317296448263712363615605182714782868149786925099669070
1880872077484603825841826705385147857798994681995192457070878393311903292673895098255617125114139269252970635496588254002929457795643650405506944886926
2160087873672566635205787477783698225403669170220890638371149236148542774044805316255346280707313820356666808222592169575663222222779442692758684023058
2409348236738842443069756854834075883827460450027904565611306641126729805387974821605387836293853802715261980538481304345649084667556368046740845745113
646240072882345206746894789829908546883793569329102350106659142730419260373751858647860896682551591133608101175478117538277262894151855646935855496588
440910289954137338864882424982677088773825568493840294585433239373170336159314388248508147381051096784244874073348373118490792035901677713157960004907
2652518170798904066260398560400454216594630701400083916816394541880744572541374704325168984431977206382398108540649000611828228418236105673455087946432
462741420323418307914104945079370772839554438425144224646378687491036509142515583955439576360531931954696934973457000379718316003738309260749214015505
2823071898180969202580081881754144706954162022457131166168563278263475348376127705666961897872802835518252260449315306235286591934386811354868741458705
1962484547721457149370252981950477663764383224647952217213596326528646110735738358322254727493772495377682564852385715139420646953546316241906547042090
2571574811788462801527442975154035108845527466774564574486867103459536111994243780157480282972033095200466922611996059586720340730513743873839342803646
2692020927112585560961114819393569880938662549981889908196513284312020024929473108080010689271079560388913815821697308983845574157855413033561293894071
91885710620358370366261859545578839437980415781984298383860427899049911231519262118983169352870975193016345606234879585144236945432139895277000114201
2917038587609794008006710395392566160279637932337121689652299254299584713356468876443076946088294904079829232027003697311042641642512131910172512688773
615843319619159273617987132485348226781744495951476172083126808720745741503370732662183177717853329303163520273640830660618419833938306179651595933653
3099354763339752010425430669191503722085263610270155578578975738108412039112664064239025959871911792982211759457826422349282920710149430506443240083950
2170212087417821658795357275983367420957359502373667705636824912684845292766244359447906996117643078216044116676292080609525259459826335480398330025655
130881984074750216257456641629199892007299749395891960578716657026355245367161483711271666113867405646621798812564100613820364351915275370564214234373
2464908756376584119144711068168535891946211727054966454601582719335572194558653908446698638387617008709531625852969752592579371494975158570235039586831
1265298432329932475225654071496943033664889201091157671093433214895055298055159796481047922340755804687174439590205388959951243288223465527617124304049
1440181948341593056329096926448137269883163788332782834229990023502052370818962874674522789820414992248778186318569293236522093229243117265800155292893
1526758066022246872381648358260167745281461146390777516326925083413792450216359887278498980511967778244066511412737102401846295199160166055471949462145
1608454397218654941663318197533692793776431114951992487494471285339250155535178545548458110164298340404367612331213221889587158116811171042906510181530
2936573531008109740072653930307250700273532921389084141754055589988491726087021367763971868848250022593738872384114186278048369308762264272599695284353
2572096757695842125350824987258529407768897867330418639157016628262830638939089322519151259378428660265902872361089258756262382011485584028739850452402
279443289904292778599413930789605212858222945466447224625188373593502275804341090048764542174097959498353599328214694705332637725518410456658028773471
782869827253869677310636137695965459702344235676195877803878995171740131102203357655544918842410397674182110171013535795454448418833613937713007433634
863154146046377599284126572670352039357594139622621866345289631205353260219995457855525347276754211582488008588538969806940839986941437736076441043800
2693347140109758981009346654665476239979839049041372305554010873409720609146242595656631735043552600312860193390841148930318752525650984646513749562121
2324483274924485481645550907418219752847675109303901814910339914046596750600709691128825244205005373325849695552165337990668740506570529044481396720875
2886217686428668728845889428961058811917368714845310164666701789011982133403427578248337535131685287138415744379846023035353327068020970048634549321390
2595167630466510172182143203985749224872640664360713122443965291794699915884074383632163971302903205634942667972897935681072850552437360313954892817081
261051740525301350751524215151915811042033009032843287700917324759390687902341217332414998470173971246492565436876781861315091208587740407073276867991
2601036188409721720105385863591683042374662762334675755738698865212406989102106034669717396204408964646240182303855905829794107588052850299346740426721
778672816968364819531439892622019805594744407404588674688817479557258174914450717875536557546450222999906820971841654168620395279372583549466310875649
2750352359587309260188894807877979421382052171244600073442791124035252290996060688295370547449180850515759829020793862823582328468152336570677330029370
59991916332088916051439719288587170919781594456508751579146136971956445803157616248694561225869453351835070398643207386564473635979678210758959569586
2791135449165562309535055149792807394863498509165443221371117590591766876168186104814832040163643518869361670820060961498707359251720719555295463378310
2921162578842980714337710737820561430907580701351650773714236975470666844679462281894716795061815195410978156567583701312552123332339291884693997027694
283901370555137120974360480859983569965963478249810703812288076698297843871881275222719224310724387635099873874628033520439285912242262303083513512552
964080104459783748120074213104064584391682537525369241722504394066512184811737837300907946596800969471334943488518999811213621148939549297597050437665
2345850784106414478372703806674457157377915160289162227913895278440385267699098350452904821658930879845893959210458470561053004006995648810993681181700
529094364234954273520326749890254359078202508971136929914522095382694633345554179482348650530329824456245708556378400511480015340074639560944233171305
274470438046501262752471690080146279789946102013375886094510168205551750222721372431724161703126828813002395249582693019211802266226211478455976757973
2901468288366892715128683363982962402291885454811511919374765425804354815283931185470340839573313984962205936836973519894458876596235959713500010402323
1572813177192155270675452258847164016719910594821479548903897629525119112158440059049665621816902464482908434691087506287494148684398969599554681436539
1254603794249620231018443824765072085584111382111420465907849529795738307973006837695455588546111949399714981206993396666216882835081131123854563717088
2698071377172199757526608439953352024730862993009125328706843560265938758773308210078608300788222691769751868043460461964344487684206482021529498773960
2581066679817211890859180868434743025570985323603645035753944558912118518692610310682786198834772412504137285885189267193502138671005080818917676453374
388135942546588599131932379191184810783341731848086003703460742233546434785526586106489262252627422825576781842592275462694301751100655245610921066771
1908876263045557340466891438760281825885276632891132534361350584891910422237218423644138353588701295055564148509537644110175637357138475676240828169230
715882555514540909443942116706806943003275549579635614391979329042534094507608504116863750361090090338178672401497383616337502288834774904708587018514
1594155835407837373101135329204702221893032814397155701247566256432146211782014544348680674816039526762958039792825035050016236982759316367694073023198
892059947430928421597902431083587270310980142941807188302502004666048110605600654297207471376907384994508470595524612941523569049230763047942159144405
3175873385010258855819099814675972442883650101543576644831578634862763740134062161245210339994442860263239032639523742778756118819848998753692236988645
519208801512152963602207660979220824106986075826443449062869441718763664815505793687624087197266159264511218086947700707088648915982385593036373754524
315073854820949676358987368298748747992587621076037967065734600961974611616178477434120342796506404388625411791326123087513043772932217702170847241107
2221079497695298265361885124124097692473399810928673241547547757116456379028439126454353455326984635152258197801693099607397642163430251562933433118159
148078310500196926741648133735234660660497161521462078521048490988057218485375746540493464263696749198026114720358504964997874606407843100419982858889
548739556801678317675058359463275161969585214506599105079672768090024215888706904011393691459228017274252164546325078733607178843812451330727148878866
356839045774112423262181507655670753878037859881771246811653299513477545623326621376066120456353554642899976184348260874307691005359709125179831851610
2144842623628776899384534798130066872300145841674594959467244076838011346444195662523412325831305752917578377288043841744248613102728981393224414633329
3193870674446726616031044214078082222334843068500439262886927964707072446045398747866265023303907873829234027242337664090250631259666008521750036418618
700274465702620070089798734682163341335074539206201507643162781518253719299417982157570333351226249204923236195797666108379829975686971223905190472281
3187930716946278179943220946095416601245452234165122599979393374275529369864293006208648224611403034861124737833258539328383090942026482278982140753672
2554795826242665755342914590665005002249509083220500331380396460170525118604951439011674808336111217919371655612671328148509762432507768176339092809242
2862351033552052578336776963788061042615323017176300043129993219451463930126106693718538357400296024221549465551226146300182280290290563062701539073064
347909537159193336309185886658503202245139208928477299454776807695217244817241562096480837301193975610212830948029689958591209261636866158405219749606
473114589700488456983848360948823660484497005136121359175786637826908528598389165863071236688048132199564518837181303691222611681181494574676721306507
1452510719463706215097574380284415984818751490860187563006053949778891607371083705092527712543382472879194531087732393376759742330979373504262717419483
2883724258877517103097619185434186243064844601773380846979827983295962848347153038405838869240877542841077755812648224456764228160404108018794515467198
1883905345592682732579192392030783387525866771578189727038009571233061193433704136338591165177905019722726871078124496118452774622416993393667031992990
1497887368113059083651583692073727410480895107379799148819455667112350445451002216450285066377371813906652316766425269010888887101574915641944390621689
771873841889445150945765243885610473284016496732160176314684531988326044805625452955495506402945507525851022156639388483944796991631723701698596556288
813416358379597968899471661575755476118353363268480165095314006139882364874789777148756761692024991142605032629799022209636721641134116659039990058763
443709663350714025350107116168071904094761947314632923564505940887503734600550322775188875068191535714038698766523293681746730458965427414910877658620
2044114699586161240228800679479772189425248257849012647574218809809442528294078730125082511067830720300088874499189023135325506137886981698012999835718
2952517463675670650703368891488885813104779156688790982164740564280724956741703433435717807612341418797980218603360781812495090049807124587458791441347
3187370818935499598548423211586495691167849855035196443573508441765790144712508213028649153110051393992720940772894435570562304562600891489566314632951
3079940925406695453280205313228078729586206601876331730585246931355877948589398934216007164261622832826805841430908401216711168119007141152577320174499
1944657216249123275326573103456574387106392886040590863964315141615872000863281183191974844658529175345633127749832258124571420123896174024386796884425
2422349552060873665395290525099886474051247013826891295039019970768434585877514145270607385579740050830678798450720791315459516400490045044616599918841
2591155692268161988027493667323521022793038506666580646891798261208044183413933675505212120474471790950003189816791009866416200256795633872551289191330
2832648469197479534143590737788447345294885953473347090390418949604277665632188321016576903642178799054533197372836748258879881073355286692786076974785
2372181023149957788186698826270611520587479575685818594299995832602834104446987740078981682692787544941333480603458072362208474990424136834882224183518
2203611407158869732719047647691698271059395706811779055163894029620412699843626705920815285303009843200447654319742163554136436809289672355195446150392
1554729599898366135427631366037637517985378598632660542890950190989682802351988492967364456273145815464003107658831924297535254573195323351663845361394
1229068499727053988070298382263391811410438504776550581627881496840144945962796893846583940444698903191283433766093517164423037118799862712741138385371
2481368790989407207057925207179941159624740773550066350108756688925455863648088390240199542120849224696992532682378340235618762033509096720575498275359
662234102644168473736179572193838948409273792452479472908849097073687209823439112558032365236110221817472730265469061580062679861122186490395075616969
274103144982669068164409031358667359104876174715284300154184634203652003208628320538119824193916415767956863995152020092466898710973286005645948204172
846521444405122732253128215655003271190582589127942668778062718027030158678844833326959128213913312778559374978482607298068383602250347134498359317335
154102762574620785316966369328211604909896337124436694053101911128002414146814973453671528753400225470988815228266311979625894901271895548341879007720
2773858465173419688333642026479279713213323868743700959993105039261127418198105904199955529538334940291855457965855541533623117050359579413635392826089
2271055898219618150918372152352273277648145082313910787942698451251170462214126831142814163748924982626381739383428540401952796220133549528091469692050
2920085906529875227524752128241014812062760273178751691994616220970005362568463324536443277316123733605880031498649632215154700871999573581524559139799
1577927062241736638784274705187856408446391295416898022918042681955473501235322295786852214662496700893718053999040343947339032083162741590153029191338
3251285116360550621128063588186897971817867370684624258086284827986657869135044916439474115110310960442187570907930001389121916410714568322092094631560
1382928139594002249847929132140040243776873305174078213595766836578087808217393846927172433146420487563986761457902717148013806960025716773399328120539
2995652801024177871046448921089892398628590265284353662984701239899146745898130129816909914734582942487215027872113475475127062069631237370862486492992
2160971994810083113977592426199276920526897755534906909008793852381263073153577555588494945297139599946472056568841978675598921007130290715329675333728
783435506418054496962288594409994019423708140934427302258272915485633007561516436915897803800891425582352571279616596115070390704834607005815494511013
384193715593440703071691080761837982236584639148890471100911686827857878789227690225240537851893846757550505578143409358787212466416461464679005444379
2485266997551775487531248536171328988564369212152050330048919942789835423692343453955449040158324488067796904226213239653848489689266559323020491576561
2154819447570468830586693376569433663011482886038375037178541224964256413733197360699813367318153247832577460187486853503632568547344324742921234963732
1508538866742586415574678481845345623985549090221919543725214639563268021395429953645408319008501394754051623060277853648052435977942894646883129632826
1702745807346779308595759372559960825862759853980857356118193358571140422900900913389823198708827595197976167394152430646141802425801465066674942151263
948749720425253292024349434653293305230005372254407434921102740797203815653135304315987188840710543891642844136118744753469219340769766450772818551476
2901678060100935063670694619431636951336031384078973851161843839855898153930657435032142096256220549727934864469176337465785886617864337233497183143929
3238989118994105932558223590017057344858782812365582259658628105742638760783876962861989244854752333250294573695389856872555376282463422531178833743151
2626081693342067611110433212748155882533076016913869308722229382510361908795735189492118081506655847500127966666252481064563360502012237760215858516903
280608181180010234476712164529931635273125238487769535953219228205815878836165527143933238164386180799461201463496294588530984382001873527436861323956
1561522851410089157220758276499959608867699835546558958629292969743632514528113782565795666594618081604011770728131240864084849985944366746008335064557
1858217553803445171184159069790451122307575299822148291366913616114333563354972884362705975547890950350102753816278824834377595014550644520799700647183
1509879894011272278800727399508929828187243252543221304041379179568513565427784085498774949676843747816030585714575459920428125213455920967219620881400
672498220197905531579122315666341777977028347335988004472347550212750902071397836849217548379817116277003385291870060134426960640963982299636982809034
1776184767809036668028316838549391883603673511577344891835366164016058181660413249072188093139580624734446967794676901395395452208918468432541690095383
194236298098720068929614480153973276111188675730619174530074854085424081261352736908866567910406507496132309969442758736676821653163756722215444667187
3083160903895364184312299046637397239164108345824206525567204900568837568231356445503376487836030668942289127132012995567399943473429432716037969150612
1690634581236230411708159730216509346820004403148312709877529762212397387583369771244880588417163276013238196425636176048742647353214887563658868568292
2531659621885535489952284967206221283259437233373814494752274002299649695342214860399622243778815857287456512612270186922302170799000051895595725399102
2114421410478536434293847341847132229160296333574016830815927357345991274115007835879519764904409760953024857144046993585907804883789775195976611870152
1618128484467866139917445075533772069215171451427514665266165810484611070214452564684959034179725354405794802681174913284637971624194728580405146388998
2999216070370775456369836254870472225654542655410980579940344132665782165675151477138348044860432993360944217476017319625175359305759168700874063379518
2334646478280336091753274430003946936561670659610055950579132307749328812814447205382980967814204045191576308887207202895666498509915568175509305712290
1376093004189236340354568006416555808457890245632911965657122714642664918894340238963399594558890397782103995168820746995735678851654059770968516297068
2345260991866998270482266113404100208098997898112467281572984811837584870143210364575829678626300514619285756263341550506302857248906524020695461952022
1223898537537237071927931024663142532171123389726178774852702883959272752348095380314500403347759658675317988994095408286500300072836320718634323347198
2539011207043845251735293747293253162516789898449508983130389879242797673408799855903235558299022236824033329570024069447754646696036577970705824922039
1552493845900834169019017090208050536553707573637906474683160454379799935231925059713959597761439012753840997550913936948731738561128192007523074272246
3047087214512472133447496204249129578633036020854262961908660162165289742138672616864806945076681584073609264928943463342294788964261694207059650812847
406959107199349580175008420416739747693870877863767447058454768469063820455061773643067126894659569669264897798737854887500292417374706501731220190692
673308030147744487362268403589962877981059504028170217080801861630616316498837143349160009601132735776098996916297926756228073040648556870984340038258
2455496041361314447843855689180979222840143992556034651383665603340690260618353827405546574922225480759852699586825774956939117573294987296297247811490
3260332086235705375507177088160371957324648472540581108488863779270065556060010369453017541190408441569498078736686755086557679759131252151612328203469
2724245779894983705812212010360289338037974223604591310522784084815509195624642570790716378069937249126092815394333151424228650604538227924648636494285
251396153060510493994263068114093553998722199376770816788019848050242996519172733485616203036523581309647056769393955027768247685920408047035579087646
3056813000481368109823833243626694717040346340789257609776785967575102329704067957556611510829435814767757472880223773247544637326787175067004121656352
2960031739541816884128116855837051986165599957616539152585107488794351600752657173808053293927666266139820506803207494687056803265261812607808452115325
2168730397079218923646302156252864013101676509885528935719001056077290107465529140320411993631296253287711846831154249743972817592226782685195612720632
2134402950055759368264272022605676210778248589723545836982140340702365573938055210295258430468664049330323141651794345360867890123732837275985101520385
1734081287203331852325937155431718335741734268779635074820194316873566129047843932911180456656012643634569315525798502855234508276140954875268173458807
1071783454385684530042638491522574903840595160071416390258888951409440561291213581695798175100636042018325066374644418046316210712098282638488727017849
801278949893049618741772808410101473058799917043522300649286663989966284444417783918048142343763947067563706451945648233988229513513765773711106975724
1970463741238825724477815602583456760274224373866170893064197873792738700704798583851554841865055021058703430333249424284606149364785170103276201002379
486466860291520318499149460637222674385567593622936126095843994029608649419021618284069893172492312629155612479130477594644712643181430133802814322089
2344135638905542500252501837353820447063757669767693097987820434095417191918554454613097104737438706882527472858937519375141969266384633602319970810520
785399362594125357876339387709666443464962959626032474421271819458889842975413289445763306684744314839088926023683920797523265780576494053625330714826
2996167854418043524534996826639690365967150854407005224142226814529798019671990216189705515929140649249626717956151020200206248146625769225526007233951
2236841203222785190205676939830096229931385495082168963827544840363789958394765590089827669585666891307468303542823246896963011323101334136317988833001
144008774772218939053254588691299311891985667712633738842168788944671326817912433000741048941039617036534246856467469971974639687638416387813385425585
2570787342460754579875533842519154026275739502512014174161418890188601334457989445760307148305166807728851874049367169006612579389491509240708268501982
2343363357202926091494426012364480766780953670865970723321408227583481041075966416318029406572999113660444110913565843544167040274772467106655190800337
2892843492666220985925860765188348045873639353298824132614854385979230822723639636135800208316808628397949628313403110620816564584645626585326806653712
1230439827050547893773339979140896256898097429802764075367761739640659255097477802770934128201853114805073486415088188979216213556962136741720490968254
2813311949026289068456195145223745092363931429667202450391468727812603281447647986303485734369136103572162813972778150692678312404215228294059344645278
1148037123119763746850508503447280570559127201925421849864225985425774138917595602972369237512625031227252454915379780639479365658432538620901559699733
1532066455445296388331964937591186978464017515635028884786598254873083324569623799923275035551797324487956909909891068539090955262111741844776962867700
3221405515098354188393818499443897053782424028902720907418458374430142044353966069260273532013337955402035917729303361072867178492068227034730981538274
1228702370950081757996912313914667976261937084991959475452515346884440428954921445315603104748952827132844915387873657525302920441639538136127373351165
1263842968724080125187419646365788986954516962349726425157941340503252702574113185270683847313263053182625647220507909714883656761082038298838833966530
1510382617795710849263964361083527141077383833350424704918376692411280110425543660331828084505006573440873195552648013188213900172753649850633430935643
1628602139874166453101905255223027598988695618592383234393771074319421179558773564867341202118888193299292179997655374702176399793594174481698840102892
488960107198109642363896535003729472835171558902455484346800995664200352655563214978967091378502394022785923814682379354026709835368200869531927386667
1504780017795473464859482532194784443846450134421620712446894984441767676254428869697671680196985338156070412142811562699008229063411426565045439937872
1860043149052717569400141715496654583960523125244335101030175410721193079109933166460452450580483953621072905064457452010062080705340634907645127222342
1419680979667165747901689450004877314287227912321720826562149454660711916943107230598629768081611408549884385296562855466727502095872781565356288763871
1567801436941931130683242004628236292368968325121423477624366385757733894993336522705087109703843845387286291454890610568501514883837212438589536891993
977882149816453003073325486567848085098853835801606244548245528015876034533307361648020094796880139930081196567173061031989788238588892725054795664148
2520058656571200750345227473908292420584866463166002055440361535462534318667226062248441088774831111185534063379061592283374654044751200810753918234518
780000318810845811780506799816547143665907396946728730076594050326864242285609651987205541503990432096222718680728345689145089210644458583731673779595
484778328362893549318103508259150193062828772402956860103996601201782417927136451372673530298443259140846487170220010860611402997008810677129535501899
1369225425331031343259225650508750890634056874470818238355755857738310836652930174252218624902354571375805810206115775009050150060294080986655457634122
216778788693026340421227677490412883542134897227916471448218707420210023784155393575862047220876071586948408325987989429589422307535674409275487236897
378073080880128470960456886385969089084488117102835695729276154277568213681581164147626701194064876354965035587069656438033761227030593330851427323163
2722679013123369380502823616596095774965215445844769635685530242369257721303660691562182929907251009946037467831671874903727916956907231944010033964474
17665898404719838022314106648977727140939709729501183928495511089181832805611495876758281213772994330739455698597485256274499936589555185957669271111
2664179936575903163163639206022010283065850851566749058204209554938351526977840647763550239226459116956390560372618748701926061585877524908197679474653
2032789613091382917130080390563479462074677440395829086288951151210384490947687452685634613911407053323065467440884270107053294308580839383950577809256
