Matrix size: 500
Generation time (seconds): 0.6050031185150146
2184014279428979342827738177857749343414166336491427704694886082306964878201600803809332519542345244514659024330252217509072464715730089802033625198360
1818662399990711956060676856889886335054572577936947890845598174529001791783701048274313916297139899149878202471723431012224799448895005495516778165528
444964970994542888298459197661622709549820957069767936577922658017726286972797633089484500565191872047305798660108913314003878149303783005012907316047
1366930319042370248451366954160092120550603480044665373434806013941187417120688670323503302738725668748088955358367027783658823862878160586166642276046
472065530610565971335470392016115273532299735024689380528621416364745028867642655042306631585620674693443766202600380115345241727486981580509934649248
2613711291051653229053985847566400587778442271456432442255398880388338061335906469206482451197152951948905237952751670329866036170029750558891020126684
754523989662001841816276125181085197565983893618408112036950988461181728706421930547498819959728863153496567804982874607028687678855725239089264362563
927048036776392916180914148336073118530246146699813376629635207474104039243260677491459082830823187003105533867740815450692090326478627648663843121250
320494045681590120786514384268368598266818769229153364103767971596989452016097850112309880716271442582762185501229641863300727781613531384229416008548
632570307617391537915920651175111464273658538470998393968650106600775109039303083569880960950870340346412190404742077705648152555513119778836073498403
286937893773273214585913247200095965707183475813712870935224578350930726333473148923149978355959510514379299534259516192476406642058660417117849947194
2366707804412210016122145020483874927442378583166869325316124260620721608741927935299413661663434997218267692812882391325475168901445253386174656306742
1150343087139085485703300482986706781289834599714088319428071518922845183226640782061892052260160337739175907274332698770210662352171283425313211637381
98283902770608027963298051626025880734371620588379137922657594025732935210256449030392123786518710858819346830736818396162226240739155623446598150920
1850639473988615882681574201047204146968870305518669376559764222263334162299623749137670961005256295505418497132479800895060454123359708293399449037436
1974117297618420540518384586903425167986043246378085973250856059404531998335950325452238522632782977709266473508814107521650015066416262995246600465910
2585371416002889877884878833567573476066399294470304330506853129388942050173101986470749226069992906292273521829679923089661553486621331685728807078495
1822682687371549079781977824661341575472268566141723871965160350571906769094379774757891953126750731742531663298591692658215918367753082295112788428770
837107109557345240386874376928916623174878044918996432782062787793465968383805297952915570737859073776034331353340796262415872600673072272508094931181
1895567429964619744720135731529081156556606360365573833049539949805224805461857952819769845820192006747147350242348915143195433647234307711001762464353
3033680332845771012419229157056448258054114041316778884645244371756817061971912230656784006794315165036687874165122973579326321637437894856520389702808
1272822886399302325837137297617827146693803728440861279304007989193623717134833648904672574374285128040651618324794182228290199289779164989099387810382
2467310868293244799023072685715553401217312948635051935318601931726061350422978823028053576305123531347697338232688421795856352844520082691110027126263
2363702325878526034076921642963978327712470465221310119534481105843716587456180162462872670218259414539622243890482237372647873345146074663381606136867
2110862828705129344600103180456188659047003237034982676285120407594805620717718348749104629132374647823771503883417810696200212074141629207506571605394
79751651366988390476160387474570797263610093444302475597486473185614485395598203529674759029227308129447085680368816438610808205588613671384787033330
2513512656249491337208084477982978755394066138837349568294189319488821194828841042201954248325771841887532330603324443396757180337993808126505614222760
34199679822902527298131319032314675287762443365989801978200494453617969706712164362766527480524957684427867686358806728382967944896677341330780877716
2665648633558999778170694498993894804260942985038904194232403474544804247406701586389229223668788273284760987565551898798056376526799088400960089799990
2960722099259819674230459601888996756603866570409201798836546687138169950698428324709750632197395242044093388469987427918101892428337629762725612570746
758196263059701100924359163589747421180517384719034074149691396746234049948338039057261842378638855041561578998474858126750935361313594678984334518416
42410953167361142205834302093668075643780481640024728251406338332995774714092978963295451970405818741457126966158187389438592050257346607326611744286
74654771082694634408119105411388771229062803014561511682646074471599391167939152280767608866728131229243009568328207865689258504244301624621293571578
754391345997398703026713605521382277833371781597602531545966345849953191130122776867734448098386256407693617163096302213403515708328076967567236505033
3017856483325178160261381102148669962683345050161489679845156422396855591809506088413244033626419799579311611909216733239689189605414792323548361053960
2931962385375178231850718513856204108866477002118839521863187574798588298867718731574125236551779981057434931268396629215704577424585519467994326544555
2280005901698709901563199531791475923981582458121310068497941017320037994419888839803772519156972345771440707135572655042087064977178956793770817667745
1217316453711903574706521625702753505757912762603124680335477454984932187294729376766838860506185930156852677575136731189754945848754346035296454984313
3036375157278279119106590362641371347685550871646083646841304686899603905697435423516694750773524224258651104558130482825402939138009662424345439146988
1927734567303867511693583403089646832738669074723553524522302327231900450581391522384974763071924479562909639301605752809677716898116837998932772243864
2525299781344121699650355531529742754839756009590733502707177823389173884591659768124768167173168703204593847319101212993448028089228096705996146937793
221567806897282591643933310867185683590475780604029038943795281830423408587990522607743510261332283092590119421647919731268328688209739850538999200334
2088323419050360890532740086889568085615389240122895007131366104198020722859348776442324875421401691201908017853075349555609600296044038626142056719104
384295887023347375188342201381719692187614783325539018848166327291222482107733507940588782821923038639399122227409500061210061107589098289545839016857
2289322928844659858688026849476246501626584622889759856013292392944910120061473775384427318020130687383366164147054896056167957785259249809873837168575
1373878791965273021208888440500899884208289284203237808469776998620951384030236937292134530735347537761489774748433813140407832814365404926157345990236
2077579805953904436199204775032488934596497702014958969187968347391264288591379291087511456594823477163680422761902238328816564702917682982544849882341
1287852455506347537486017915270264534884893738122087188127734678452557884854941965146191991925908738692427586069405813369321899417632712651161658859640
654334632939428281427996573466699556353210618271385263450087842715445516176035818967496769454650567890115187029330342609188089484693815169597685873816
2856299680120525325636173949134574121150343198137667439258640942094835650992947775314706838369563580334518458171947489848996218176845343377832096599906
2034224377146143902119205501945296678714007991280897247171363453613630396899587591463163138984014697899675849560282286419254979031578208218940301206204
2139103158346879626748295731957456327290405692454577578033665960208664596575324837881658582682974575721938838983548706820638422746570625075484184642226
30502546430724167665336143503429428635674473826517024315226910198651651068548971647375788345456253687264294304667827485930611926246420916107962323480
2022002481994548481075249441385842339122170497520131658448745816388918889466866139793872875886997861526037106489913282043952503297809091363973833436519
813997355549209441410708578573016523827223477327046757211538882753039280161545401639588761589702791872355956835824324247757299702937547900373939828086
543380960641826035409130228000492574185283080292536587461049193057746300902086856638918661202834500079155171141498366545103621166140488682237289653832
159183009638002424437353292521692462558161136738795583118202225002858217600305208663018646576993999756152023944669036077124112068028741865407824827472
1814571725744383296976005609545401320069243108633887202217423605155962468175828595041411477773671914962155892741987352624390846208272090276193033730726
2288589825881833237097200005753512590237498807361471854296152379929009088756019098611338791807857659022731265946730637023743423336971343933193792434523
1063041811336140445018407072247426033752511152261649203788252272145786520998339511960346891679577948693426142976565900784778525425979245193223698903362
3202665223291042047788878627535465300255562810269170558054222295225230855445936931809874402278242997848664741547283120981596280297984621095651462832281
2252718793569283367613085182463256302026295050398963263240978916655609231490713752958807041243144106975413534586011744515175621574109184407301880819183
1816211788898225423912965785783212324303693959520833855089793379707251488966143443432571208799034217746813575740369488247484868421716878616422843996155
297683248816442951735788751765896509899553215063780396065096473719488423399771031663572642617242788534823546336918681032242897689623656026373089068949
482569946035717383852041640319510810263337442441488239098937587842410145632118486315303148432732184023260823005257901705370654943997496705285504307756
1843310107715787794574085842773206879761311660887053514656203811240311428192226696141534786306584275761196033948447690602975325957559521417375327722279
2546839519886146845050909904915747141530161508360727488962076849739683158793631638809833202179227635335602888828836384912197829279890977538748036093078
77715200675705250637891676258400969372408159459850909299093225502762969232683724422337875585326259024097562565316843675892517976207762183790326152843
2215073072238897686852062354876179544026590060037950749869133428398443465241117844865101376398590082362451418629437184415722193907086799475656317639682
2587228191132402070615662481575644441013981328133372489123781903411180472569097541416837649017907000316797107239796646218733461057859585887072064469821
2827934379418206649573294457948164865051255041510486320007315096993018914350395514096984105395133779941269337902077655165864450113762788102191961478810
2950749799019955159380089676117139153821435383280661697382524882597485439867314522063693695241922610324318653341540535589284989535104905668897644827995
2947953197723112139341538971772045335623254855284315143753434840949857513139826237180155485146179614704588529865852151392901095718890843622749009635949
1865209978137687882148790563752003810947905065403367020459677350266373205632606034511424633463361511590296680420279883835908814284015084200975464215605
2237811869714673078570278191535225642153317758902268461721418517387347725952722519902243132921034181261231934293464255711701824919119517444169193449955
887999347791677729320055555423717114780032879478731155255808799282773845155817508860434367712856851714864112148782810879510190743567210582220755855181
2279669703609272625716484262529552298587651649006060791185886390623298178370970367130869062528275663742576396894373544494971068190225300800884306635840
177950550559503474726826547959666335876164972897902877898395812274258880705354084982848936000580744716943700596829299709216396727657482424908355513198
2403731131707039662258789316733402710864414892027903297109330526793837431901671893069954752249394100997379353177188159418736139308488193293653758335269
318461684370115783413393101838905839083255449335953370278932156942979410827614516454350514563169537413520069675423199959629258076113555847815442395637
431027898409027999708323480361348932782607401530845530927026851940774856201107562094983699536970559140821541127225935881463233782164407662670535592682
1054468409966422394613711706359169399758668408296986526204252580247220903682197767369236933341184623949351789633439042682800444926105764077184979473883
444948606919955347120550384345900204488450060068682778985959339746215485734295247555204900689938608371692876281684277794612161064354533197084595611550
910144621048869842350160838386088607313779651202287175532970838498027375383195029942151351165228476631296074533323139822787040853474466470716541113855
634572390753576113421151861252746043494873836751421864189496071922807089241085955810391716563232080563925579626266116785033897059135582170044458072184
2786202163085444829076372822737252950798241406988561008257069110389548364273332563491707666047014948327248017897237144078267566101454140152024408323252
2484591321873595613647119104835543970531187295618053968835562749566182926573863427221291483382932889187309159728757351776894351139401167387534103146443
7423703118549032041528329401061732736406191370737229597227355560004510824747869726228805384187542154152325018465523878713335322851263246817015525938
2012478944026127881509470709020689163087872768961613686753452337277292416493903333426388958981084105508149276776104336052522179667903862363886069684032
1522369640990900055906946057890015937640912307612137121526832440437045932614633483489475655592435124550667267766594529305903970745901858226775097777237
2397834239439010594070889293999649943911556947558424045006494707566865431561394458195174793201455410431561728989953676955056818780067382391514401010191
2575631974574929936653483139142358699023312521736829135346091605451195424453677796926487567826757136087003293302672634205248865429652594312516679741799
1480717791767552631834717639541622252376186826383613376417990343148472340029924273849871611458081197509073097952545012828019884387445028855494877663841
1601922309075528029098918968668316504182829826994207762807362104726500025232852816817481593949728198095455774315958958988233635155435151979721067331627
774178273417740368922942566978398079153903664541362910672257398904278813449345197320507625800139705483120855441064275127891553992907937611388319464873
1295553468653553334162947386170944709388927521669972888764906015479718637659003893195535623126469896270807335031567386080916714477171287147746257694878
2362773725605176586838785837744953664395705333966678878659459989064617542118200524466017577434649849308134580615506040768295491205967492632753066601788
1563955796875093716946960229182832896058321545853788424068553777438513130581123334059089936690512573327449795889492960615722520422994743943632324062492
3024437539240865407729854372690260624447727725407081182083051676876780825436884940472847383824052571469113935064597857327788011088962742180174979790608
2403657078317596531044709052120245970606386955456317548968610598004761507438582964834131131303547872758495737008163551042530845298778720903544593756222
1154380084895142435424277117813610113261855076398154559580109817616295960820908564294855429499935768284468163734502087473643979713166438720877865109765
1720342286619422508019188468366601785815281559400302275839547753245479706379179147395113252496155232435368226123411946142946906427811134141456279900457
296406012300481034601422704886037294024745526427716438169641703928040743378679603554106451781155677433592420101421468728292549908326603669691229493758
391603794433894736494361637201895164335271720511895031818257297447081957832760937645519678455094724936315481232080953451264003354207179292852883475413
120741972301524087707520640987853873429418368297512834778522805622348394260662341494244761152158410532699807478574587594043091768064328976460361620657
2107327978941371347202816617925278720831518685910855405570313360094526926478240883045951826784068838470991706604921352253863873720429163592591364604734
2621203246111520635150148787668503705008889649961367105287513083800393881279415540196074639248578787874882101243757288589464594977245628089968956111095
422687249957647481390449370353981459188633819933490805875002372015596342440235892385002375286766584071288121978771326060783862196700900419010665108107
1541140642351036420175873439994557168675455466271864819081087464349569118412946424698537918858409906795341759203970468475930239295880941978819020231666
665400337213702719269131189982027677205675281580561848570718855929057678126938660875069627748220056356506139636375675693110212622611162967527861768426
1136013734675427046085473429713124889554864569014926612642779644120290236210558143640995780622993297610003138983660538207942642146898133142343440610046
2044107381757256842574441535789975688435328836186126527325320381088943331805382063554316613670049606226060628998258735882099539924580715816664745451564
707494061080597268092792191667268144549941917469781362981275087242271815094066478125393279436478178041617128645251147495761623898396438670678843200704
3023849914693011600376772723660967100619417806563039559912810371050762690606669675948214394874838184890112147368580009329578366432819998093191367630394
820017869541843224857911779127710405225741998212216803177321871822544879931713414909987102278128749056497259608902822807126557755409040876406209179845
3015349101848258609673545014983346688088390068353690885504263882682632625084932238571779428281567101305169568803426195796330149356062949372753919360366
1911001490604352303411068663065533025788274869212874816066653178512516349786495345298752373555144587654749171200384853258345681169412767432573322304208
586208018751655702525502437534344480701579889432560786600036498651377138672788343079624413694228989411282980037068964139041802378269082472150086857513
3186682477310862404176603221032284736298973821355026735342245968545337062938723315571381283225155948277404557106309539577146825728317136413987483199826
771922389442618553340793662679872230431668302925174331031114495425215624420648305822654937413303786975984756532776873016747440308627081869104414607465
755474796914207167060656981486323012081064677203301721978623892742446153078315902985654551630883378864808339070253018783862171550692029477562807068230
1160699034903280539796674634999392504716636656361810748950000021412430426024961630005574107272870003029767515109403947735769952062234128097241164322452
1673858483337164758318109226639027787947668630544706537941602032200269248165606825427317318864465765388517973496104134060138165999224071919783792165291
2968201743970184084249660253856019672148603171966597560005011084126508799900812665951934560428542127281486156887594133617936413386966636967953245267534
1387544909053426573899381458503146770986717370293030062464678872156889565519788464180836621503957469793573330614523890973872391123294697785170633500403
2952319937092855077050524260359204504963772966366695548220764858358773795731397011039837230086421955138579786713548838798513335879685471147399235409928
2140913419047600343907429730443877628645185223137690737406076860578336982042299405121060953027722554385836901729470518514321153965086989685154845731104
611121041571756793048537370690266649808576335088129340506130607221805230187442446865828366534973515865200771885550012705397127411844637256866897485799
2242429202940709050714056328747396112490765155923223547947274975361995112094851692679143795926183627695649182860560257632348401438378336767371165146856
2643036196770173185541319713117275509704616609982997754308994643238699227166952147438650791562354999457251417031713087692512624495653216126503422135571
2463910003202393370383007790527498976123938746722916676505384877882223629712441493416102038917250771980480060628981740251165523138249961971999207245178
2486226012695786498568243232692801773630428773995788445588519713786766404075712729378829816706464605526779268347385741609776411738617716394178203895467
2902706214621199252904782063565045280789913589064290624275254208658805434805916237951824074856259188473008867089340766841805354278476581577891987980153
2637876811857318437997161021412811756761172592627699548192710971228744036670562372908269340695560409670417795705873408030529519694196119262049519591216
784509996988848250903695852196866550823533008203083015262357121120730366817061831947954016310142043013575076865350996589611382476780819713450025784990
2809209839686962311162375567169867492526339969119008427859156725963633982319111357679970987805349773800005287938403378067433580697727702218743031542814
2011293381241632882739692325049228902220723742139078573104182452422425466260696426520839280777850643028972204383835921397291726920470596707021713475616
185535419061290142172916738944981175330624699911735517420550493188642449689463142931899947954967660193016362466440996800623339602044885226908458940996
2981351181602699912257795250576002558091367269054450498453125364399324661235248694233894665038054407369072415261842245878363870815912959514434361756984
1375769359759918998379346293663943316786933698083105235701085177050456094761944366715732454414869997387029974223560911746151637941840107837748139680592
2976175401832615166908263161787660858974152541907974977977718850270485146225548386674259599047503319406465400458483042549992487592282228299996047236449
614233186781507364787361864887456778711940440332463064898306930509008636483771483578774160087513003044650323405840053361430881696110235165672041205413
2207756749744868190390824517892688208382859068831182255965330159632473015959820228760905742533427354121621913821900676224684342388328742102149783900532
2922048223597483846335199822870822162481754090423057421208316819284832119043099754786556298242533422273262009957851716005685838719157342723611779351601
2610404343539171307578073626208637549289545574422080794843837195144326991585207060960842930431664736202033854710703915806962840705509340662668363867210
1556611724690551658801370912095102643703057894081334094224592951104493596550048898768159364750162010486533880441201716826092376462841182610783535567284
2616695512666826509201070107149557694115930915405787047923732480045780909189126027815200554603474255835154257659309111748753748985648871496502202288124
3230414328140494089891018411577898485511836818316116562271403085731693172827219096012080623252108921484907693894958068468767889884933191684793607853730
772038040277961833213712951913523762034803264121101522944183723245100423603095793794590669899113344950988391305706682045732322727473980426430553475824
624611253272300488821532097308162533933214141408940366234183547033090329650753853440724119865202103879946837577545533993190100963326182191281281742797
537749730987247922653569324003662296314133723438752463886334064299519607176698953303900293936143922182939260255669606287400006142025188514203280710945
1802707576731771288421774875528744168156882343707429524713269652189774239193213851030436407995483743670797663821451343751939280834070410484208638184152
281942345794282566863794984763233552405283668099881372772830385526160036106131511109642908304898598452165257111005924423134690649530726628722493656520
878693376343438121607475471795168223749366817444285359155957944184161911024838594477721186138556582321969203461848829402091611885343562751654158588487
3025285845277972904829916159475044979102476624061731734941912382114888101758598604722011496022923348686674057813976999273335331120872301332701454808314
1706568726905296915377570088612086550226853376572069382365789331374445381741722495647294563439009162571611184409774407908984505589830592232871353327451
2928294968518608216533858130445299892962200875401657312148801023653902633886002684603217907582951897963425378953383532949924227216363433733151665370525
413214756340698154210164329593261891786988017144903139179123400393788135878628778205010853662874464086072426940568663698760551672881886079249505778536
1906446121014740930927909921106966765284762182478730197336158823839313973484226057783273165236379858445066826323247363668324945032999976273616942602052
153695462532490550339517087801934748501037798137707752270979641533878921232075548474218224015440637624708642809641901501350438541070218381812827321146
1939262361675170110276516551699116620251080005251403106467911796526826813709276831810114487362127234812839719514644781787403193180283798309487445356527
900698624251296029728414897177566102867212484875217087153861497080707792304794436170751193448166092650432390001234184808231794259443555710272108036261
891237703149425258023040968688883969251259755325331352077370360459283547546784606910133114959580411773352136843963337980199238499265002324126085134536
2819316772365437636658540050690872504548148659185668472395712180213067878961743782355858838293184587863660367489112092476402984546223251245144142899017
3092311105896610980426229054670630813216391114746762554946539952547895363968566327598126759696891844521042086626866363554566361903077761931660720527046
785947101225039673736839102461661295319766054846261293162543805845218587821431812846169886755333130643811780252523670061466087259750778452255840072779
2464465349931919951158257042713536064152369146750770927202944900934031663721898717309789693866629043661848460777722927356219498543267366340017799207859
2005226895933444848225305767548985411620731992295713901918082602902100162095086157251968615844458981760437540872867466428621833580437607642066859446499
2883727290237799807871196985057103307146297555573474681527393496408428801477118096552427212809258109943397078733221005322061530028358462694907060854183
606698454578999518179268610374719201673491102428061303218026749953125510739460824089434683297557743845251292455727120620714683364574358609207956052693
1713614302703931223902665183332022607106767704381623964579568689006549131654584988676887306584706543174498640595401412566551371012991442720957629396928
3028892497516795566080893937322231146153415887543205495967360773054695445762524745623431873336092032039977932239345906318009684106049735385588993333932
2624457546515358987672827867748932064026503217067896791958266752358878780695278395016618453940407280244552840106730619367227303938971558546671143969972
2378772854807624459824505584416765954912519283883923469662794625425121229289918775786586454208493444673802686990845211851401090264311903678225671652546
1283820615707066565683777195658855351997288441129351921011757047332610849460044305951854914425063166518722989397532626272650960264971726866719476774407
1709096488921541152605084070911939732228802065522446033974057731635237185553272269769111560466292691541484277572583778494624510369192365163236093795652
958390525440271853733740444757154234797555511226197229768782889327205265865473730595271543458459211037781599980615809538201048024896746506171304126216
772868733217747615401952362163599094079321636356540074849784518665655204777874226690793217444466738306790710778544806707244389519150963325101272988920
1420793048494278639023043198470267887824925111465458626974118395448161139329247708357736687802748904658976401654834360416941726997282944560094981282193
1826605231264753576929989314881791642085381861238970858421308288941757009267485530506756304830498477178675777599517332510760485998064499771288849491410
3241227514923628015076448532433178952013780570913661103206936264587383508468849292952770954642870988849262173017498332704027533571444425127531912830611
1319344449665261186899276476023804531724127267690827536805469030062964659539849067051519464053404502393380203661178722997620588395652413904429576875011
183016252252876445939742292605591610743415408249364502691244512290921369298980894500473223069168167121569908467052740392053550140378959688010033749195
2455670833022381330289048063871944746472627802570845688449489672654734413078048782185471760374200825803993973885099700835700902333497628204729351963250
2352597666658887336916376622951916250951597264070821976989468555694805813343214035925996494734528832749124455968108618741692162617011564317144193603973
1378786046009097217880528296286353637616478873183487816741291591059374019584461468590977749716778982404897364655392650249128282040377626618584062579577
787428088705128437787975826483288130633321581932031948753361980268142769259600645139932911315355163973996025884550886041805190865606166393538878343142
1704333624438949781654906341806094369718862823848096430703426467292262652195597799950797383907736339020393425068372896444135073583003876266476706053052
2626391707918961945795569867339703072635639821337213463532225934040406185763283041245471331117881990495334980184212812273661655451681701861594034052809
1468726662472914745630569902931273890086063552778481990042091434906019625896142919297190809289900732365387427141686177416012225422898662654871245518927
596169376217042593568124004350741896044133568407260226169430285590021914370291153758378491413143384886801187920666708408448414790177071446204196617071
1654635467810891246370160506045948364251082107327659817573772239543720418680961538825621260806096187237091867720461004771746077390169544418631815539343
3205815876117729835415557114552470345947574841105954581336387059361492119459091958338343213327313142199388267641292024159835601270559756955131490796979
428824276183367946761900507904281337087129095195421862989301484594771180409982538965270114051360765410551693620746805497436495358901392256787481895922
1123646636387473615549572356060462108409921125604990965258316387211436410342815333559224907103448691000190511748133880263890317582924067022685642697986
660179700608992825074618352955358528309932635375866805769269849070247736093314408990014207205787499921303949604768684115144440229451596054248631109085
2998478457701606120533374618692520517247119268136232578263749235924713802591432830700562267784075766714704251619468881533615544197091028776383468800049
1627354198304445173830731091568705557423432220451289430992872052087254169602995836513885336931571603722634466663727354288450972750240645059804599963126
2569867916650460179482544768311912204333750937477669623703878604676044402712750778579950648829544269236205452784223781488923568221172341253828558236668
1528300067405616205999950490465929562563936756662851077287905269724927654094671474486006018788216690017920457570291192752762746648708423922576405558417
2986716267332990596089595724071393041959354919404118067960797683329173111456219906423701399872092546859100508441424745028261460154624322615585035833724
2034744328885586696345550678363901687056051963792815922056623713567115041410521635882319016736398570046448646923810650992810902719930532956326592467485
74959595035895138728671470824856410212452344398111924162753259750940372004382565231116548812490745028028450291119828119644471505772416195590211051601
2023003630784105574322209118093549800859838110176039514489803918488454448123587911637889894567015380360815878615640308639555555053739632925230909030345
2202498092331336313500852558177208993175156180992381490681424684464776735353958216555010431725538524057151548223858510615978642015452589866584224687068
2715371927455270491418463667611134086692002873024159815730513374813181882194089783048410115303049105663228223485099014950046166251250349058391793009051
1841491529791121064989588812314425813613481621454827309691493475742411653995770431644099893276814105291658141797430825926427394075822634362276425678721
1553052819990013919209904570334673126910976000975376080410045542766470600581502005481014246648541030446372498533667928737651213664307293493833922526021
1772729016433466561798808806038176264705923909918134032505861290075296394124702599582394054478757899117232874336042691022550902634656236061085930239075
2188345506898488101117273705363037303279320183957736836803763348827699822110547598944497135519785367923448408682670336371480207769910460063915363903474
703515524765785930639101387516870829683002234602185724148759077985661413265027271509267393806338029404956536399642309544824161313811315666076132801954
1135495689490286719807922905654420966958123388040425094034910236129086517370634167084240534266787351312207467924788800939531404924176727794542236211714
2263923342280561877122704913807893565310679284054369833235657654487273587265182554944393144281472750847539836431243318630316921538128216450527837471520
793074622831835926005820721300507982100834016441025760321057298199510248124029833022639149437723910009846830922434606673882372392707335459660334213803
1922987511046087116941440412668756298327538297112947302923332211538026796152174834914436418419759428889101831949876657932400470116374431276288297368003
2075513514798167859729485801167137132270698817821485872870626484756047803623539361746747032321276210222446243981003880524611459780853000828086100393542
2271945560137984695606611337257424938962653224906197067373441719223931062138914638400221890681858236084162680351786358589954584403953993648030249416965
852409898500515289451186599512272209763603071947556504871658932901862357428422146642925938279820797016954248108790443235844392251957526965475895126424
3192469112565096167294300107617812364090177261600406219788021832998806214936009571036829552514919650801772040447433678456749468300894817189094153066
1249367518391010712122639375667889210116325456535787396996653648537957290353112994782347218036783112668639418930220832643332423767171537730107449761392
1790261955116685594200972315354921590857843835951961391933006327280254888994559378844202173990651987663732523763140459553625724744254382309702862324171
2243386637966502528134601415091386415237976453943181164982873903635006307827118001867551368854302463587040055876286551897337944109285523809283769868802
2660809654356601931681050757536206549502622479933638868560125594291740392420071608389424383609980784953949674794989611355593760177548932842846417120688
1336307576022715884567808413406159792858323250714672896530840977877926288597996949041569196066891582691605552636151420835128102711437859694079095511994
1534827662280561471085593384189886265714648960981766474634399137103704631511636216893854846774896615376325407439818807078239934384266172792285371044098
1263316206510439103195000917580446699551768098120560542813000402047149399303562739114095563382081715889325339654711947182409875431352688765101241716810
728235956151545682924366101219078090233630109404503259606741503548613780514577907285661365074615638887184020456711735615448786498976604718382819740661
2552638517164378523023042151626094068621276963978568697196404062205506250165781054798100975490402059013435051914669186914039879401703009773002002964654
2099687240471722017261909176680188692055603855898416546914543526041047916016669948177367531475463643676219784720463480169580531791336278413489166395028
768660191335925847497498769710228262305872469445703490561537994850395318285976613659029869707760434167402974417264761382142369911441169093411175672299
2369790339108379942321533695424551693302997624368151542426218550131725455528557884715687552155948237569609588759507836410441409332434488083570605238348
2374785202142570836807286505098857406117364620603327513392566747394058969417395775058632421331352286273635205322337467657517892121334226124349295519156
2661836959964625201724288719548254847819063793781326123048654216329289167718180605036690089982782713022043621141346073086233575892935244469061421116986
2120393827006276887417747680946238549716548604531126895589329038393626006757118170280834667806370514696994323687710880874999284743714018392364583462961
3080349807972957002676024539232833415112222606167172931705604232740349660589818056354964401012154293271221966723029621157646309242363602223360207726944
1788293082832083686963454496403318648469258840991825471616310401717732284276218862422243817563558204791095410852304854642894747047158273641423156676532
1050521571148568314544006259783489702227678025236681636597087393557607409749203968980808933771623821633971093265862554377581430960590122923973954990197
1848271646517498463865468053071712879793853563966293523567291146206879462213018246365455604722762470867045513068435325777223922767682092083762429702215
801115728061031727431790536291193595109608042860435717136731116986516112053522026223624222716298576694220175666791225575143742141383819381472326549997
2046757797400903623169496538149034208738252496526738171840025778246668887890972721190903981336991064326365441297013400710705358060172696592120974443395
2205208107362523359965831414821986274142158544951280888359227894265002459491389331060055805125458946438738423347909846286609630863241336780148228779852
2908853648740132094545686102419524645603086623928083128648621156596960859744444444082955653467631273456040958115661037052623747709973270968994823898574
278851062475577485561304735405494908731012871688576967761454955173031260706637690847471516038414041896229870899565351610704027849441625750648704179631
424883920949298781296089749934691847756833351991574946709180298780310928606644396480303591023568554718596795837102295723697604310027404028534429797492
917074626704897568835682722835313838141200748080899534969736951155874325954758150830870925654082630193298594592784560056950084615212560893143981861804
1248202799047550415858850124099596943055141430912344481264783008662540634326500022126533783448065200757800195406792404966781326580508821754483269816706
2308177163916820418642936555714448116506919159952575179903382891545386855143439620786415941343772916057045494880382097922130354791469211319746261783824
756748606167768933014064057661801595983668755169783150487553776098921977772386759829539103862267815509588731592344161180617563147181466923790637457390
1335435848125703797797652648731907112278509226388965011952184824730522925332833161153132040468035499031019271858528837250725556764207083133717632487427
19788277751071362512830025220212103396761619034977987510914221071967103351458005631446257397609854517027154421537598764025307276953932212734313745873
224816390060957183563110974475015651817974579930693592860466041270920199001983253816290644918484874701785688970502692694741926889644705916807128838703
2966282544537507808935617068521052812880654685320821928586915396230447846344671017139820475016023544155708734571020184600390718813952890210425135549346
1431378099902933359909812289335094015350440101159369886993294672627450157177061444357820189581521572565264134278349089144769324290593605926789412400987
477426709253306664269457161489543637821898695873893234323853042318966442541886717743009371715246076013552761607472076475457456085337670356410363821932
326570602317903063550824898594385308370461788513548636730680002670522218866179154212786351921517183664249344584346917814813812346851837622150850523348
2999329035157560633571920569437724324377941725382848157075619017160363901827187748150049675955833702846985665171480549599218570799914082000537092337559
2700827022599249207401145129204410437197537891977596828171060022273789008673645523099929354794367970535361530164200674599366141939792242485138724180818
2320080007790615936417296256605764321774673871662673921488586343325811112437700464599540404913506870463525132362171196680849593178046851430734734159910
541191835754966801122103547492325149846127434146133708374819960908675025603722247887035884405404153861575803478286310063318356571840804025938336459259
2253289367480466336834369662227434020411203706175764800212458559669689101307668942992286827508094332485956114427840485117907515147813201111229371077661
2176476588744402522475785762471332640336936075942264678715123443709826489590980029105122050045200166651517044083812335019006531772516269541975695874631
2838286781588882967558329282868268865564657438050958901875260239068373609556218147490370139302435478724070180186526177634305866614905520250045104753839
1938178483214903231837427571183410382121065239402870509025072066570154586995024720516662536501128545176894776859191195631672474290343881583828961422224
2075684186633183616632896203549139970619425082115831526312666535307010997372115999074191311480178025725139465453195268942212980525076402401339396122432
1733822075372874298748993609480820863098617860317355287957097552042574166215472788500078853717952214756936445534723831980968262873691191661680327647193
1784920878915952174038200657037792252966394007642563266703971436616841834916172125894013309482714150308278785298613242569265871977671603358044484903828
962447780918172771807858982666720476947400346052501796089155867409153190082021428703071087632644657623525516320893302807585722588076544358888613935251
3086272089661749683795694202260118184710374039857840844251480304148394399430608553205287736492808525819384509612453143991408004145447059025599312431224
1106023252052349871273296336724764973558320235849802368158829992070377936268124902417104134135185803911984043856272951683727826956018989525778585930490
1212682482429401894496660176711464552540339279284752976380994036017205100474000132607521142315237561434921797837565403518819737741625356901087938381119
2305318100419800931367162777883522548411006105097229258835970428784268081337313466885480612159473250508442751978646134980785024149114576151877149156510
1167773830976215982063298850499260234388508487129870430749849835877088627333419007830381255742239968805150825496866578861525326693823417620031950849730
2417447417820393954703070652716694022450369563247414499312631628603294087888753830214387220837659660927783626464737251294658297988322251505651058036004
3048876991921835985250550356008556000400405835958749404452994691045611514886673788143274193162923836842065969451659547358836348265945095061542996324108
2562500827014357682417294024337793549301622620898098651250736351258869429762441071918468797917187621740229467125618555562283109055676685500056713863554
661616399292151951154229533519056789008050546845219866499676597140109323212743369828633526401773052627956278769631282461562678579537860010804385918834
902201527847085738962941152903989009768394842377684381343993179785796803716264247376315047849003062916347059798510774772010998720024304965137600965274
352373390242142458250993935531128614648188873305687517909643031234248903933557145136370422333891627680222662137399611319125883627364491876319729344349
3069539983303473053116072693082292770452387574955937331679422930763262523920884731066941855768185562928815008582048571649598496128741789562710359049438
2086068581560260895315028307139401172342872506279877410203823112380728187802826288299812992302030643406135168313678954837356346029247931815437745869039
1314254529241550133304149066758312527629738347494721203591044932633769270612617873337168144580918490159009258408649096830842339925754558837024290702018
1416123027794616301505565994783582509714290107150939949856799570726200663510717327193840057736849329499145407173944100467100755483922121432311251688702
2140258561606421755288677996297476350236310713210321217637318291309204752534764746067697663078767615273798266406659263634392078362995310895959493126168
1803811715475484239081725312020783133950724220832399306376642615813279237443425255259741633557630490827999958460640209272696201250412794423602217000712
1832346414049874828594702700539601588879137583562803481852286457809496818101174666640022571652865308389686814691600704436505178070567945334923951368246
1652047723729893521634620301028810501806554117172996565259495444186556257046423892080024092409822898129099834817127597926118017875274785833017300110120
1179220785472031829266736384876219943685290970196796202424498017731244702079429085185653884123352134911986429342680063866237924162173344025454741780048
1833066896752804566886642546061269353351723763347702750909078287114800280324048835580461060170760763176100359335172654181481628617141193144579997600230
869801996179338211924038241133577830923411752088656947547804335081481109758056842260141508341837046950036008497921867216888758827284850228772117694101
837143853715682579235572060767339342718017111569254695324811963829155539244602504154540137399972972974971668309184926377873961252850421256912745333073
2492025473194459605126579405043929341147050365094080232597255942026573318609360588792739347074312021083417833031881545654534446129472525643989510799576
1183434847897220831949211210511087060511346247971449675014391618424184112568436667636246604396589740035477014944796680823725269554366927126971393110025
1059039471817148638724324588187821882048346628565893198655987248228298431765432672450091818327625567879384252357229600866100438790087262964221849490181
54135765988665860367721570849307880225282765091719338245574911988105715981431939203682751226120443776939674237872641288714125100563372248869133455009
2044897266855770381693426929424143873942459956764871536490234835287391834700530326437575707128173876900645716765523283368745907639167772505142844077244
2263329742746998261209736938722499120371401566493928963415916374199610781006645348683952606490440619545041256917286650153582646954104546155080904278905
1568541201881725993365107313588198777124635298992426623541259304433093835131820014485330326114237104922529059996249522793624316533843418364992250086719
1000028077823203443415174027448150603032230881268593889044347404603306502030568591243306877658992233663607519471886968593135546616982716416339929119626
2776489448023905643583989613174262140049740312615812421816783355316252839087408095601617349756231111013284820945560861487748321516642964975543939715021
98275491670833412652494027481721654105787779716746175336378187565116417820987312144054617072462680019960430592692631807599366494779059944875164354297
3115738370860796172179443591921182927083164700971380506511479177084002013824362000878525279247250173072944474280263586112314706219303333588328379677517
2491588186912962873176993770115295319120307432164066930058107831419943089725102066548750363738222340445154028014079578750211620827005730967983935271252
2160440983505388786440769595167958478321326882897041536085254792466712511817129824310647852523904063000593915366556586397495147884831307029747689068910
3141187304178948586462488644382653522186439274043070966476680958083445305928268126660718762373660865756656151985229392858522191755663560330097043392588
2322367192626168777797767043222123476502909575789114818219649064780700900058714824654777203020213870317834730958915511503907375853961275193292731427617
2985078367988546097104088760379205345027806695103306666262539938591932632635859360584648518172432329751658868736427173167298716187116807970963128142855
1539207427145664492567601390360099314624495166862940936309870032641758751370577074280899340862828601555074909987680799837778903538139802335809701286249
2046368192303114635062012877875624405386351019664280854908679532038967172884339233901007593275841688068669893015890375316745970895177521998321096579729
597823272746553185089925545328226413102662853668265141914799744966984089395436990791411954881366400634366779165361435781548546624174003274411730223822
763956096774033857849391758891953396609137201037935741930750597300541002366630348044900870083819862421662778640184092892489878812794284898835520233156
1354272560595812622187021848355352680828666014150350734253218372357823298692514109241889074792072537061269377340780698192114934839631007286171140489322
1790840061625351542733907075318532594505587792189061312277773567735255933507387973740396359169360419009748817235962690718135138661738486604810961710871
1768628269470505879858206017337348120139569900816560669818073761490276680610473815449241822077425931434113052646825134142823621564799592961676049410783
1553519273280093905558870367334627123457546341689951799432516411367799789589685855188278971885669072860122045480040371167650754802476310164186677256987
3215682223712531682509792049725564204140085487594784869252540095171952969658243334266005781579644961944250436639990059354789193074046439683731834726102
2277077156676930817196831623711655111484299021286143249416031093415187455779867051843494554204237874377886083036535513965017853977120272463048625507512
2640050395410228479445145352196357911234048688719694049758471774750629173302977273294346144613311440989797869605463566620045710671271508253789626426321
2384399812550532353756738119992382958971424154271894143115977222147086090762982882790557511069008580489549545011384830570612649957872743891475971269455
2926195224636236617280003566730757160413803181107702137342936691782969619160644450930631347373169629228865053315197362708675865600052594748642504855297
2764248462501631123465016598625165540611200510394455445166605275256185839943322759400886752096293226502612803295337829131795426704407777956354128498588
2514784320368758523834142490049322390119526936778379152374063060161371066666864425469293903505882538831437415932356721104683084919525689396228070641189
2709079663404014177378659688305330962084250877772881143845995240504701666709780615683514423732406354766340882809180149020625585566390086728759013224417
732333890077809291012761122275798762404634632886765540365514664295310026311033450278457199413242516382705101918475471671900642246184794436292032401711
1580219773239409238689939767784983749120457534585979724640911362303414226990496511706928800879319048514628959548160849417867942300408054996830597284657
2193349810989820271395848511972168824027294505949102403983508173540336532336188787871083748428672683479734590486374438398539219238817220702728615628088
808020379941688286646608941452777415050063640447754389518869913076790348389525683553078814929544854004360941813681679381373227754762952042338500853301
1051677313951224943485200585049646797598416619915833850826182869575244460777192344873540899609179822363656502386616254202191794951564360981735295464849
1913784652878656581516245363540450202619114524175496894572110871987809035341882816486564456736398602708977302626389167243395325712036338093518389770287
996306382221290422072835936491203599793415939379659139456518976750995146979234128654193584526528043820300482793440209581821148735976682365952686693586
1486729828168547068922896526629910710113603186658127628587444920821296635972438943992251853867088874508895540918997814068086635441127906615679122617968
873690112048957310458471455663130645252834804214828867602975386301512283667699185144606358285172163476168268718361640246893202592961965265097956025409
3085848319536803530420405004717573106785454213134285053864833191039512044635887429842738385263240929957468731916245712486551497773616530392116432122458
2819166673991036070370622641314005156372214005306059686097272012778464916444784635156485086380051168881499618050612541753117173957707872856815925173178
1005390802167603988313901330617314981455380387242470350762315437923359967052354853022007369992721221540735019251725315991419263231216524406182406674364
297540350574777843637892481502455066620616425659446193037248643764671261625193714041472628912767706352681109621369923385020573571565254494397012513571
574284638307044263106021617779660295781723070040743916875482694556681087514831374985179659434576907457822123920440292191297296456839032507405206041266
1860119131561518593542954355520534497653562036820293994687569281319651389936809509837379401011468361779847710558111539952978754976258828984690378525333
599075745499432687375578557696084535914309437811130133418895593685443862816546969356264546241271660139138175731309891683597542260084472146959041281818
489776133052141924311160570157842846953417154440597823702396908961683707214238024345470229774281860705884022960111294302223293697626589422487185510363
2323502947629221042602512344556424997327280998616282230419531452869183817781847555832549897468199650808973482870942687033105529533276774004827664634655
971798992893003243177337374732347614288306515399888225381962363089205535530761211567177233578421395254908493499920430344179895063401125545177557675997
2424651567848923768118682517209959869172983877710052261490751557689863108723628258119934354986137394333635096374103966554462757579449627362028848475099
1756188049144992071539771269439531534116539439217506958675246217565271484802606199208987554647492554333081331610829211532061643710678330410830287882226
199971668652381111572340373758860813973197540262015714177543235279357903082077776196669939866883328692483457909874604383724521385240303885719443390125
2419598202027415267812154417572280283895634262532366558089893525297641700264944195409622887371883528055445580791124057270698555445115428416208547786697
1588498046781301860745488142513435689522597565930083527228749628253199296289894920403419410956575954916172469574700485151289254587968502631618538561091
2290627885283856592185052957886772034587423516181880688858324845436642268878411932350453280169682732522076267893443016274834867299779020433538806875740
2316331603658922132883985187858398589577218994937035274485982785705484506510554461797800402252874810704624258115983576764922889783573250610835211501613
2302304753355006343177958697718309667154591833077489222675294458752895956045703364727051164496932414863363995520037710436665261165567880315975384105887
2619140339141738787525586588324786777532667377723006987386628932134022792813199149217569999435678098474186099060671746435952320458355002005100597265457
131022567723574511699252222669927795306706618166679286272544631850022542933788110864097850082382050443099858012271115350415282695296221513033568465249
1644096413225328782209403470311756091442424691282641233739784220911672495970904802113727898224635047227464058927754293890639236709560738477999758748492
618749948433110833384500838514061224416441277224968942132314894597120219756774748768859249894320780507284122705887185873009368746738888042009671090193
1965762883939305706449812525898065072341479876038403393670340742107209825429220262812450610317461566817940989223027885334086003683328724995317158216103
685978835027662134187906758253555699049945860096163821262996443510449621490830828271966763344861869706367203659310392731747518528541833224373570189012
808327977002235569268986423832749427555959665154497776500886622741105995351298916830975974726085485846443275061885290976145025214603080804183403049901
88123925863358030934336855201965249576056144007770085933062693285736719177430985411034683209199598617913155688855164009933764385212848295809605104443
2906047215799444384695993149504816265327378257726342685733602038176238751556824463255977895044173882739356156589655262499115579931799312899855555947902
64508012009293263218156762602804027536857817578872974763524142553827346323075914150521712163437622914855348783459557169183151621411970219464169480715
2328420133048202869288643957401599442020581343767963203254927402693303667950167539319313409084313269268511422116412801017132155956751184547512104963887
1217690613416717674293549982194984113121489420574954845840881654192099330190040581077943697071337050376200205250243860061889025483661632618019110369746
1988634786257702133061305618510226152862839393099566290298083979497261598296175374357510849000022186754889072675573202875824580399935029048773209398017
2387527269346650347251568616434170038887056583597604265939252401654681751908952082263277467138736424182545017076701763081617502853904121725054743313944
3219223413522326282041145850066561731474212002040616693570484969772628168508889730444095698680291918861247612178238175812381106653421054157078897081731
3253558491734901606641062218528525962818099513891098998268902039382996877144713956618417948379341418338936634026275723950853449048091163202461146013343
982042156983382589328890575243985007627087232283553655798675731905582108375655276534123113910223048665904400680699179875144172692618460425937590796500
2303270084928215533203570755471221961815931378146386205733436559146058560594443038187005952464548289637605834963647291627307869458209576506764611239245
2568673864374302224076621797607354093883070627334270004926224184541862032665496431816044662890461703940840934507406675672443903481514354990926508349728
2663950550690343141351479029808043072169894421729171292791369534853553072559942132917680087687528684191204343294837375711685012464181093446186688031512
2053997158594494490512250629090349836105117621046551407622939866979258818541042642522533488426265096766811378916355855221901416141049924745052599814262
912476523148995598242920308437562195739523853360714590928737941532816904464083348457324106600783704050419157661121256409760295394899598486300225776546
2947118201632811646318872462840502646211611852377350765824466165735457071150443955629371701881204816979835778279476608495096014883071295543717374897673
1334323152575147465813567525095161164964918896258850305368383209702262320980685769899151238551702867119598684265156354354049285760937797406950542116973
814054411140395861265916904283394452323103884955077528029136037621617377654257476055230459003120305210433541464526596064454747417996399391037728515841
3254623360128760863781859948473200303539268664414510617870055875188812037377037794922353177667998284209666172956604972450378194372946606079643102446115
671998727307632916309337890816604110735049391853048058616643092420272258372039276033839233722961770641401394611833146411394869043836337978097939661884
2625679290612116902034651199335719748470845373220369215470155112319004922212763768156954870159416300371375820727932170516535053706822732521559300206730
161018872758927341333744602910130367192404016895209972562731999183270091860630219563698771804805554366320036734065073050931781481219083545227628281863
691448784435275951801115368917461631480265376396766626744839870548721534882338448336056601739097188900016486406075942442935891115562358951769487935464
3044538248194667219618916516241161376387834058152546129011698149226771359512200501831200198188257044596830087587969575890809477446891596979763883387593
165892934954909816416810446150161690602295347989481800882008982479365409472198191727790297866892853521353114079090988258162512714680472837580756650779
1470835451047160234163233536651262069086500601059499071919548786985836458176149991805673579679812866631415225739013560030928611145735387943134512501264
1942013302714959383200205253483262652459731005885048611465633107330334720294006813840210282615203482779222553567415761890540985818225552068311096987716
1269153882880316336215767702236063855054143842997278694474124452254873735076625823973623809952347326842189174187454189722129380597207703898734491691350
2791763209563269904532816127482180426394128323318546277332081390843151118670315026651065481178918631368509944165479056017674882222590191792425390925548
2933079908218977080012920887223756627577988027554735263246563862844486769275635888997804934574863332321464331505885265768591492126401183949386800421648
2775292900048778208214975390867570907573653828857487880059994100329606069805566794783141108220390421473037443924402658783647520455503720979394622828896
797639603004385665921771741889085157705403171953864911255879718705168009452289308091711153922176671515060094275307667711606806914397856686940806211772
1144741514697762128003360962394265112878625267657051802681318045548610345312801173859439790834618544238198971752855835258328297095312136445820084203374
898276704318907164841341545119813166829646052194585889314671173982786315318116509389066201132767740683626936260021901572994157723291495221308757867602
2749695644541849931330775570525274107858977570492943414860161729510998825477392792585570070747545042797983839231030721902946061551410125834374417556875
2442930668275649878711857151492122139049800232333419656648744171803367169481267193939506281076188400165832085442663390699584299549039468286807002224035
2037934068378074539045329397019961385962277055263874985533464982860415984356531442825854309382971030962978858477481363851798347343676801620016891537337
371045065200570271134223394300019212590958128323138829015453302701996272985004566735871276433710251344584692789760855859502365774126878300725861646640
2141715282266931965492262611541326548129797057549885549402079404759367041773953166724272740989458028482919051370890468353934916322335057077101592466912
2684309177717444035880277783335655642658191539620408517922676297968440615091390865103400210769932242029204513113190846977016232718353860276829005600878
88869986892666691164980455902738610415960890905694552686279838092689547930620763003930027253788257203995037294020202143210848275031860839058241952772
120445644874216838821880811712940353974557864972093277987208683335499737464027313329873892461310734532469243628426260915462934918936109578728648492442
535350526970650308987728301230721387178752122132128413147665689112424701259352476639790539259768905851703525190801884026952997439995075305504287721206
517059001932247816802410772037882517550720209337844348433785709016313606650102710008596267849155089422264497102732554593004146468436843405414407872381
1531789358679174819140967057045548492686476619169322449269602996824038215152394562850968797989198931160916326266668623461686624072207154106195192851710
2189486478858277090066392921943526016398544612355806400732583187748356652341237191412011723526380077561439960600896175721478216924235242073277322016739
3036687368398112898959097026643572265642931738794072025993413609170883429555984531849203772804733172588898156229876881722419564994891564527945963410974
2828680711612448070662753567834704531665034733298997744677419561378766183374058580631567274699507057547874955058819384157126394938743617195746254383412
2696198237136060888607392112779077975594758646561571686163724783478596390911033017227588871385681214289512828849397672153409854290449184691436459228717
691699561109331232109124539919572201245122313334029442241160818997831620118759799552812996004597229524207905170587327098701937533386816132696216740355
1245596223613937970695356182612061564364374424786512022696616807839928747725692635247129993149497236511265811907490202975011580753297174141833549922989
211655040798226870081591282833770660477748282936794723232786588979922624679821112215793076370331099585892763442607626964702594446899568762825249096618
2348228670007265297218049856187866445741813090309615431225771939817424774697437629122319125280671856318803360239697738556385183874243968844765067924264
3150355247548895819837103796303112743645727613224954494408247488131598382110774374510926012782476009894118476605544137559792025773759365845537852911114
1153173452619911361047176976118860461885026014172859136175589091886050602818469082135607206039189319139388792212437219868794429098584782020155629369150
2187659107471566096012050111304982127568967409875675801410336699201107726159363974825834125988786386347033552586006951827287936791128622827568336504286
1189778531273748427072049779551434488821504994040860192911215505367924856577962354038050940144237846611523139224525759360993086461646572512978669866343
668599892319428020527962080644605500721061567371102739797766464535127799260629161406555231113048502149542190966187365556572658254320818650206294138203
3010353546044135726498345039672516568714511084953616544453744159552474024277737582843430319926265328118144578840174096998748976590909376582244559617327
3107837206189318804053947059360584058851093217604465241091977380166044068679752175400289410197233121486363932891627544824032627526339783567261812105559
795654074232262733019764144068163245367127909758724719535611592043405170823754969196289989879610672702694384414302311190110406089944166326952013095275
1940868952224358928983577389818681708334571134809862541679042554729556552905806837976784633961653172071974972842467785053880900645331300257329379894699
1288626072488638999219527103799578010794193454572882975551726795209781020782786423248452781052310772580285367382294874112147789888472832639900973947937
3055444590756614083172375037009212601715876617778145232848608117879626621145132420486469854936600503724887428940951005924678438699233525540501624840578
173495212982090951813172085992167229803756939682057740925420540558475951385314730641042640072638061798389445214406405999788010848586370821044661251339
2336456329197882150063174545877046728330903255239161234031737593724182530936428497913405307252643475676316376833581666892281978339156465986503814880780
3246570889988489704665151732290445555249801776119449397914024677841886054337962119709531382250697676875663910961747182221274610047414380038635249070000
1396811829746185524387599322338146701563789395318169143226167355068666519636176565437447821147795344595500077184361192946480514500067389006899792631189
771096574887501978722006423187134761510795763907760940622023437535290557774675048573318861320747916566402343717584607570451943241745194320332808295572
2455517889078344399573723923637517302494922160008710501922021742052454000468253003798502466963193856030290038772455663029286229753039868008448869906421
97140848825808549006849468709453528587166776149365559509863845479767370505755515816857603804484027107162531391830075052621435186213743259643022208614
967344982880982601465555785331199178940870837972094274269230079656780223600830579835483554643339679578723600391435916797985630449996314667291259268773
1798710235400976016299332004164342103194663042392570819684791593390310672742463692841829425836655357163294915604957570458981008384121118807301363485261
3232792395589213421061005185096188567346617762636995489620097185185255880712651318560922872654020943827738474082229313593845094960978564196306911201746
2016303927601128600038343264093502636834458146913541100272835079312542786289026969349581462634847741074096168007368324211375298861717050378199693142839
1552763265668932874586584799000840889142563154314099992233920167357961121063551647591808654700134616449404176261356082272814167345104460966515881133962
1777689600076671042949815027653370882054901163428257805635689435571290401737792444638934956597906561892522355306508308270055378382017294670201191934667
2803898785035151311569953994874365743847508979103779941641395418223653206653337246289467953289194153123960082516080045912188300293730796291257439417453
2866215090051015827071936775752176527397193802361929909376772389846459283757636616734166373417703305630693644140719568431245271366728610466555326694269
1729253360456288522419118901767517069938308217896135118740102064954317154625885361304526595491147178621407862210766284231355054828496910442367439510959
192472157704466209727410110371832038240261218628103590008880025416408702913958836349680661734538482297617859476996073798253427868047437433567530227811
704264752538132681817439368673178726895528378446059929171721288653819635085011865467440138098490630225916189673188902266334840897050403978463886875615
853121692022862244879938353838550091417575086605789363348559531777827752464397157870349310782009264527675815039107008736680719766432912156251221786380
1701133171319310123911264989025522537454165393055638981887174433026712270069478321045331901608469693741126584509064127827318428882761430055526269543199
1962340668725365654667163148663253332970540622203305812046669692807584442758578885557807848631082026879566341830396504996112935729145559176680452118315
1437387748798568794958371976363670936685729095707236126820070806878208405743103219994252797040184279943894936375475724294550298847147182965369150896082
984824733300071720432211370323672580169281328102889844863625422534668748418252349225850049600817525775102937355219256434777777680979459639087678819514
2050235965221653015787442440323644012166518567553379701229282545760564955493310764200041476345937801835564145240539874354198478477983688531836561321992
850039754307831605261618964751999241372156586880810604014074465489763122952320953754899347676512871770422141783584011672634115763352192571033900054118
9907318386069715120627684305616840889553478537985402795354726396438971596736146860412749106640288189576573568079375849464378045731132895181782341019
2335150482863678566043940179833194790984585722765683710038074092756456213737960216384142697805760327740884536975202105091405677485762486738635434104057
24914580350084274905913470304111829527213716128949430937801482725090007320800830072657676668157266037840770314886026634593364459042669585019325385619
1386477707511282464838932907773996700327088577734581994595644355594964641281679440032919547780648855827130876371440695243027479884203712043318889383721
243806834384197607291023435883625370543222761052865203692764703319665364789010188514325291093280926422695039066349281806087527147352264305627231909805
766353303980739154555761746045797508818205610076571629112364122543288061850152104069140252165988737202074792422765235790488738855297314495365174799249
2244866863385133042083874875473552264057312546252417702005378168293513866221306997473235174194773771928233588118947299259764446068043847258573583829312
2257556780745539818718809586997795357349773052266153632638632243746866516059740826234901702101250884137288042079661526556971541445740904595192046583835
196265877805444275934959952609699287017866033540131443643150171937854991142198978380280985107468783707690210797824346111751670400255537479907810430373
727477744552095135221365697241147863591456889208997362758186556530303991019334552467645226201805387384221625253963373273532528196853584120750128207003
97281575940660796364529295630770307271821008246853859413906267264968926927718848686311733342484662819251288792579941617045663322321211581577789916367
2088327139891310642559904360205517030058955303289053463572362244669473561863115553244785735331685186729196725792409532454697178743233507951924567573325
710471437571519862250629400262831718741915070004754508185395840215754241007846958691930092277573586964057080997803646650891760329845507947527608596981
1027723478871575799593572075902053895699912852942515711546456717113986184876397390834098459218411414281012352880317961452788698582626033848944037000143
1453309473977068586864293656667693536005737801543384635791981154717527526005364596304785503387137617200660109708450818914726915545431060441529328442733
2160815506443550594265754501208414645234956204819384431481783067347265769954771891217488771172215722699660604285971092489737922403216405351808444777271
505087871898997248645989612775317701219744106957473436205369954443958893364040971688674640544961013790710086668377699371516117005820051157317395226660
1764419584925054843895380498682742047989343296120012896211493788682995789698810604694657944474067600413253594274844833599227120219393869549581372495095
781951738454490513833647465357123977316347501396730811626449810655094685232488169668742468673033396854532727292059240979741644995652623799613549741763
2094195926522614491787399383566279315683500194107154448103262780505049591925156704948266742061409657536140706807976363763229442010432667008359872536694
385788975793865070079659698478433907747496428281945085314656536716863358697456938609951517410953001880997358953000095812516373129375749604292984207697
2678022741235885396464630111502509403397807079320477035584020659507929373594939031110666043002158794630696026280612564938245337356381764722620101428611
1399293705666971879781556628000732416898921757724035621087808470167958113418117692821782320198030363120846149849309732256742140287802449205303938755186
2296518142788940860327079190382688916972874552590179507537428098132985415868192333486375467218460429822156739257713297897183748091488517561761254364864
1584579768108166746077954085620979579409037982109223363841657487730443607667685750523632141055725351201630561761219523673426958987661004489367153621388
583187621045776316554782454587818688726542316643105745386070072901378893993074036811044545807171981674007855668996206346572595973076313582361296587084
700000012093904786204606981397120015889014519808070235680742839714471853516373700032921602864472574031206537414291574847093996836584533889600079799191
1465994134000376891897647852105626985828020024428717598630049985758357154832269835222185282011816982426753373636814214739558328662825302466102778502941
2093197131432513499777598033979954179525486057879554808966025526580184025758566569527586619472378391494942329289666938416248293380273442418970399244986
2989900439353189329894332925956333970491403580184403482654346542075344446944604769386694401299430530280983615855872533961266596820682424725458952537385
1476376353919680833712083203618604104036463060009851907948543240505804359201381222606134776923614990241727892444144205816662717077357497519296326115791
951356280088971645085713582165049619357014170896657726879772509093726426835038131558720882919289205886254194201220934784422080482224335978720074298251
1121478200270457337064126325440560011453261219442871148021564811774720971717904770775907456776079639489251817549967271225615160938181911357127156958518
2793790309600221456103070683435116715131784436831029946145446824539452176859854412605553307648375876120457239771666815544973730776059516153813591116801
1315822818303059883076396151706079717620555789861575112299663968840167090968662066284717431227939450024860401334912214009827879151357817455923030133810
1757050621706694837490918657382342688532419423674674618127928058462654871877725486329572082492619881639348346792802508463230518998211522861406774671701
3010278270787499155235669194532176422441329836875737568970759711625368654593981272695831481882647920857628859921630486937272363669292369783829133669292
1963464175632904781579466423665376254021488508862973991990393324690568624185855473876630166499682182310803276083536360324658235152792778947349431780260
1501666769910426250098863499128278673952144885467293232947345873618575941119945882824214521204458138668305775979921348042818827159741144461476120644430
2769305644206470236718843481573765240382758002050191753330587627303305595786975087003990111903561553420804952947258393590741993002381178608805129738778
2408366035725477665162726696120650371994517743923941620330685445843434581398932610523648998933719850405169070679953234262906179517148847446293664290958
394348854703321123252680520091361970028264702021146772562134713517728992356659789847301187809547921352974864039144104405838950439727486946759927488327
971575864555588969246962891197035868092149260255359652264459611407357521984131230731966694338645722779803298794721739324265919666827547167668124217635
3127565567405386160459978596122880218355826677405158051734050964532420537338360615314272958254710698044656465449237132003519225502070441733490756304272
2521516336386168230022838656130294045768826612356048433773006518487940067064265636486265141395308916585666836914813220115558144576280166085406543314660
897316356488529984761687047181435418182557709055815151208227118902188706325088397356661852449919463701087945382498894419768923759089361116837789725032
629587080205689174135682123408067389881212205512247315550502776597515237156931761467463215212397051008397546490163792112415215339888757305179634807208
2236486456932568226254498251239445802252410340426291171142290284474955376667379582537692035813937346174829774361051388882685275047751060373638141153544
555449503857010724280139872514491089126779022862680079458921277219038155829932994153454997127519604873152742607346600815370916394918381215253817621772
2380769981874359282374700712418586527633771706771534019209002990289407894431897444913042653990967027285205795294991699899771434768684960783520627996326
1471609589509931838283166775545053906835355004114251061926757410088570730462124454122318374175419180342633309099384370205628678528930892088443389557395
2637851623355005826407399945528991603900675707362955903974042713413033728810815137475583351782848846308910523331522105300005799334677671342250824064868
3220117143922204633250809505819626385694127751763351738921396591060822934588418119500142696693945738534738826562173909099889546639686097308717971807193
390219036249617385036077582883646292962101366990457149635311332670250636486537916593127629827168232513386961220150751842790253952364013794653692190006
112656019240556629062148698971327491028860494737760041455961913220494396497619826194961337965343635612776422065275848597436460405616837187711535639007
