Matrix size: 500
Generation time (seconds): 0.6129987239837646
2171327166693381778243395968688025571187934787408534196147190541380486737248653027503102360885284434774542375492237399881018132742253110378222254192302
3030815191917138385610138921338198875035861943497171312839552451789151074403196475474809103120484665144569689711870888682280085688811865367356450593929
2929348834297349208009862764589323568792062116927211509628937031940139004377898908591488640749032805939022518751585233749940645957763268072477176117253
586780114324797827465493979076886731243753518001527511394853071671520385588358580212656557011344694424209903466429528345136772762628190255490734993734
530167379785081141147234878569284227472225030357552157769501830403707786765731906171903832375997195456140377848581097526770741772172465485778331969939
2734581484255262859475948607020701732898005749703837695500370411955902407415895961842215926145678444755395331475496899421128171378123203193800733370975
965680989443214656558448204749733779378570032448694716294090537482200377906971138463732670342961830241731309410894468083556370687377424391871126794145
2030571604023565518149261752749645585477475681316774092242337973130366514027781364029502270965144778253551655648829551688386498525647472224106135422629
1264998709192146809546099189004984582316902218034868402685716205681001893263283327811732107554471767121663701685441700382376001597004732823600186626005
2913433312264405970881562435144576911527711720637530366796255484916746465297735867782538719335966548555271757259766097367138442187432581856987554873696
1392158856839562682941779911156463572601581894898320148923140306598112714386809650167818901284770322101070586754975326698992329554156696329325114037140
1239309617835736781838047867987855346868905574344680339365222735764765534497160090940773916168105942606054858251387337196482443363657028737831978038648
345623323915794967472264836109643122082664969460018736198696445747775435851250397031562417547089796199931480007859857229608417255599310423809182547481
2299808384657654788496539534763113206981808828989230771421777663720055480653700067478714629004317391232489791479901867123062795752188921489989633774939
701339944533211322028447903093025459521236416525962464465934543478528079740954291177026923765727527186152052121628903000357709384498066825778696550038
744475190622523469520768574103585155555691604773310496747770862814880882402924149522339448709938687349281262962412222684775102371207003166248815397318
2496608228166323767923827803788648377804830085862220636571517484797702889071261496462651670263106572895163906647698373599393772458653534887719397842623
2360606876095971465625860023606586071379372856139210002867399070176926571148808564888192509088830980962540871962465984086358266261423567338542856310618
632712919629251537891107116135087901359690501378274327211266183146464309414023653617185039904665088254569988845948847048503161956410767383780365711989
2396840159336056587771020452627717944154076453678523941917004624777459516736940908055324712958700980354757060761332962539325590291536256921267499629987
2251446428781440729456810056399862035070029131674966488287108921320035167385873800895658002603175107668592071224172826525731218927714410890148509693376
664131943646237837238114934059438477409088298425793460478465318048415563064320492265075123689957816160261934722019282443048817443490648405954981232975
2436103427118558254635112049806038977534203070754807451864535304093661888493827969446416341901433027671527291726903422859779235503439996130357082833646
3217832514195340307480214909048364242379967908849237866837050502446999409124119475719967738326536408431563195461398591474215089922746437212634668779146
1317517427890084200609709084128450939939945770334363775446418117321421396070339827303138707970155303565156301113721494630634341813357022753072714221734
2200145979521578471531141223464861531042045301485170292445979734813487292307825104313551150001554605772428029852497723330018360320518916555858639518305
2534780003429238127178587279313633783322485765034073748156538653272878990141247865368631255033451789468621103078771586869191806903626067900174074773638
2132445542922914117019309124975672448897628936559604942094963691004389957366518240201219107391248497685217859166304573826805240784005888460872554248207
3184869931556428208827400570229068693091419585961358104708373440930143508054492633263236360824525287937706370618002979670074164219458484828903501377720
2152010663635361111415273863562363180240147780564910287757755236979794894227679041453007910087149896071824632011654359970488715691156328914124599822097
843108532086978842659192314843321824839119032840537401832292141209662856278233466597454864103492870266768453109139895536752242109591776865619157970816
1388168701177855374088106408555834969866057779590061143508580328550184348241267025382689678344102157319166154101911495799502127434175159734456657472638
1369206003551631229548749799990969946503211850053275249893677039688758076266768825441945035950314101869205125505912026475050838658803329412977454707874
2857336971553727585057164610584777302529322001647107516316540782825941811550156859059875794738068091205431373511503946698148539172929555532659582319820
484123225378595118998108417137849721824036222075814917999842062086535649479678688456002554840997106956117763549908565274138833197227999535129751163662
2474076415547052654800570531673394811543731242921132511524218466905784987648601401754318976482556979261931689687267239447111330363630359473567241468626
2373490287876171605827875511748562084250187205957786743511678213859628741244709597518146881899385479931476855892614738282513517153273393355541982734693
2738501051399923049940719270383901695730049144451820019070171908792128129983141040045612586423479517393759857085839252604105080152686031943779087680307
2022865006027391002596875519806995442819760612393307999672377926100460987833156504035344795276085675797575728537562579144588287059183362428405468797684
78279035357170992080533465316222502822409202813140354371636286468337964701624393031125303012873723330519592774794954204697595198024681400841847134734
2991237957799277021412204931561429099718540289162471964526429906940738766450650957296982263532805244799338885036024033985938545916407404426363694117908
2945832694523172665292468666227905497656709492661435926528253330127646500594465689521516361661772911532380545790753948557775958277692861406539456050821
255761270056483209407257727921569445876142480245601121683679826634492976292650589105330880513421277174225845934403819910452042743553319790311171297340
1813765884525608035727022888088756794350953667894880912216828386687826477885387889265523065372555082145993062010320825090040590650067024678206485837544
1065210048629357307731320388793523584863681433276679745785308678031306691553056092806831143469838652156104220659567252509481349432641397165364114114274
140347078359471497463801879323320883724824791486261028479217976193519017078681897265584659309083069422939877057126827365104538665065101957997199084440
1899360499737964011037673293687100401952924727681174835845518844238807277344071352221025392004485809432022854816941876193135604158815311046891161667375
2026122467512566964300376469886896598647039823933505163501210180958643608857911298737458631090446985103649139460489701889671792828665594235386361078030
373337808009571771943558231135655322022205510912318426251209424899967701278369239088364086921700070738394980419908910223072342590075914046274910627156
2350340559489173005605599855311133302021450678486951330013172290253521995373501604525916507136207613452246804036860130901805564561896401705640163150220
173433393270932804692447834592854642003494761049674935744307253339060470904185525240623349265835201894247989289194661507060325224577502495973948056625
2217186583729093664277231442181926413201878013794838844336933901638476446848989558163073961345719884177452058706540951257874125677407779987011035346001
2456053824436354252888240932539144276267669971616574915647247417618445024412978364029803876814530696613128144566254815427350192319517376060620153864204
8143654632920479281239580108193010974247471326810865986462690257606549237985317553274969607967103003745907011710954974836156379750193267682705107014
777322088034507792343266913021719101249643799859940705230749408502657824245172669860342392644677916022272227917466427212029512155288753647338634051671
165805663046536136992040724338423566242302800575534401721660620044842875466106958617383495988338332010374688127899401255616350367239037222031511597975
1297935500577106922680144061336428801879259734616745425234738328890660614839953892003348578228484992502178309601537779630550216350258629679410413838868
218796773449043137544467820902318234589429263515549458890345523931978050157067885890703586155886744952191006994691877542920008812461786383910081497458
2952455046481000206335368346774043620296062090152186227590638867782999481009032902639730915158011388630702712187818604845826814254672834416363439318693
517540040935733686627006958997132663652234004424580637264724649247733449073398505789406673731221229592430790826551001775480188571322036065269880262256
1802745583087787929733240137807500218095971260034741517487552123062001185653574147632292049726111871288036016952056269324340050622707860739598903924419
1770152280765544465146155445952972058670037078888072036326013136031037575298372377595666275353267285049500183003268678302881788889387809347100810664381
2208550035794186665953976448415302657565140625752447036059359083158072786146127915161193764855341814662782024713891735722616117195591590881669910814183
2875062946019075738397251880148024035554508816466665912837343586675804037535065214123041834008077865657158087179534070654712325884044833572281863193837
1406934554375289533250959916068790775952233288265648506512698802638649177566883106645704884451636595052588623614111906458264375637555746768876761572766
875512262536842602113368943088319489569120008520762314304603199200680888405607380981361348850178102999733088485147420794832354387969789283986404992360
2078667215479173340732824020214536651995037728413520303555092335449786642947565160767709243814181049516288815444233716498090212116453460355730413007048
2884563756132566162097487398129874405823515367521487718586467181913490932886901826931410531598107152384871902633322076444321364730460734862235548576917
794428535166424493983253858791951835354964028658262279635501089951357528044834049988291241592949964584986828275162640569019304232470637341692229787096
1008736630109938380497375440508045868885918289031368301865249816196508128844836630941937262093935823892939079319483340551573582948885573631293937126395
1806312642985405667146509671387013656859348426967661519535952002634818772785061611331112134022094363006737854484835358350627489004227856180836508204791
1604082124450813816345949008829713604490731277071508992753586006031351775293726684946644104309517255957442948799001711577662865445588873767027168280619
624791298127527621837716504950387790988120880688359786126024912436986615499249028955977755841937738651487647448856620605446919266442090452159656062146
700128489047744744114030598500973561687789794297194962859872381769526391377513319557895061762650716462621820185651578086475235582763929024548108622438
1927812613544940552228751849301398712975763784256519290442720987227552668259713461238614285656947803409440466676488681860384717425093193235736928425591
3044544966000325738869484302318702592039535884838747637627413723077713246438288147411889621316343775114360378168355094307683739583999848086457114574752
2478774338602159181775099286944588187417653753267930022650135373522130614155407381386626714693897601024755217993576802776311696945485624384766075715256
2080905727388657544345508158085933498884640890094531500571468751260016944144682943770066913359249158211440057236164674386838426648308823692119699952995
608525936864603594911704538820684237443042481358296719372656425944225296011616929341950111775840986055879899996978819810860064186843046437845049603539
679379301014087700587327719412438961511678522889756733656033173646393864854537101579695385720572580510759167556099699134385826294120719436657848081475
2149853379913004507991936842539058129820619115300327374411603139410846824750078035492541479422924955354572538570220040865145965278864664135176779970537
2232653810877252904945021438602628189655169584343455423718703737580694576333672631020082067669271745968828794781908734586263288784918529716834448045002
1702706950345210727337841962588188689959482250214836083937190375503858232554060935165529501296628786895425836876827086882298675981260690059675755031166
2227864483298322377373726324247522308886232179991858034906152135511867472037480409428215881424705145225078018170369146528447551533043836868797755824090
1997576898931429049047382606196443792720974327358591878081178212544591827683896326397778931879456025893384521052883171753532060085798989093041973064325
1452377435820251658958182723180523529755423000255591144563439086868670670433748504614490412543552943019492698097493928286187360682191056308295095403486
1616564105036963044796243936793640932248308942483910978589807984823863692608720055651747017281976566465308736229751395397266428757898069061764490965358
2641068834423373579938248862702224420280467510265138898429987361517516241490584495070241628415330879844816455582949998693690773706146677346841491644896
2135726347347359684809994039273747696240830200086976995104176814539537756569627765879294060094299690250731303253873533634217899043108477436639329504072
2928320757143976884457898299494010647088294912899391920410198191368329901529319514860721492368513249886641295745156961285061474460931459647726415396737
3272159959377098124086131120515371994603687872769457291737851247032386107051627179455843694516492581309663210113498829444478763854137002493319443118029
737669771325602326353944245868225353839454480665881457345412779680390082086770190580194827123167688891772754571669246533274643563435471922673063337481
668687103229666365066441755270558966758943515871625845018610511322390838288432392462963788641824153428423607511834130285898604119720351356427526913311
1039269895931012488941920171939777952145823555514358521748477003276296596175069243125767651310191673348814969847188492415995036744269737353666866693935
2404758941191597116939377926468008708700995983235872084640341867382359482589748911923933026717792525143147020679974975209229575557202037493301678626453
923202918773034925321801861897344161733675834348502393660716393867571513529824419930148407817587664950627339088554731682071607189912681234180026357489
1208036344263330697940455023951132455808158806265742757288760138984312172236181283157666803153683239811739852811431243164700699262393381194313205627847
2778346167998771181678764025463313278720337383915075326055170940583820952939424847144749630001125693000658177264908465457942092396717404409066429726783
2255290725703493611654133663966862419407965679001861154053981753786431101930900456984478510614598051346805050618297834763917424730710328311700076618485
1429773405406927339532147837458936327935893700023513926080311786693631158871096918329407300559392117353567884314562092261323244080413891359554826610941
786583608867927410752232643944482426572282687759322434806624542750097589681564654844587577702506672354515085201803177297085698160985901042785185439118
2107924778441619474588034924428275511535584206367372295463766634019367600609840281757267514684698999580496335722008660992606757526079827848663403923908
2228325149410153555784205384058014461854313949883169928832723629368677154163619186060767000313693728982866309567179818429266942170076765173486320959698
1649697826848057396253310177603755831496988376249962908995986180961723779673626374880991212832817692107445182997350154109935441267010598889222668502050
3076050691009131903587068779772144270272840528448290867827904838393538264438172488745347788022378025854786441522445501650704615394737895277337131864097
2328732866608249829307519825431939375199635582671543016178620369119171308885588518703681061181222111820828053049512003864160852947643606136885281952960
2233453830064182210658061767679835454597778850698156737177803698285138962929150888227610041159138570557180905165456484746314508423720418767933102320663
2786062223366506492677488165373208650705190823176639750073614171251363287047192253782902998219910478122854590851356159279572653993604147353681403041337
1424645565692140348560742629128907636685776711235537258966287931188557820497155740805278170715936066320451496682568822745770532204929972793131412352752
613093199947503660783359071079581090674526681875522474667395665205035385146496901304298875716573148756562075407355879530533648506668842629902496475720
177604049169575535551607688352603238403099645982657028949901874917407430489867943850322972541263210065382657101994648492362322128583486599382096818561
1855042073771500507494389164598234464722422189591016095067814925623059683569488069627497650283107443393346500491943493555987336261418724966010570116418
253206711429791902914255530532671015858621882182523442533021595583311731647540638459935936207103565617960448567150068123448500577053369337279433150185
85449322830130540900323544343627784098850315154700153891401888175439160640885712455922125343053580316440500784722302008675302420222580774406421335495
2394670393210921903500819011846412595589327440256923110797413446378898418698765401765732116206039933470910622599666462188370629494899897046589697109180
1424102170912376934780060696688698345280724360016169490847126977100506854834501406713975107071419448083022009160894654709706131499210611425670200913638
1663937800524749052490629196474527778098148243952272369606728976004015451443366718836399106427858360712549464918303947821663182567398713647052593173996
1078052017873234957754365026221112047288890388259642740618353425685113045686016388045278322150252825210283133476474462472168838547294323669627809987166
29832877444170739727804599216907923868681134980580277287816798561650347196022872394359447079344342454291013137709026764639333581034542365191044961071
1495166370699836394879419466756221086122229909374145960904476790257345203387173009401666112868933891501526189802173574486305019171796632456744787530012
2065745280926360344402259653680450735142462340835840226265240036590580306208785526370690059778157832222106039952155838666236743049911373396353318244123
11474279418959224760368083835458360302903010624298384768799688696971250715842735252371830303337215563844099083492186236129812060579809188712312761007
3008502091684699068357235638603519812149478454370798842234655360824500740990175248549678129713280809376841668202086277576095140700735354663505010747464
1812616638239634014511723049368350919232772846925601431582364871221291942304347404157678811241391226325368151394379289573855224692904389093383825827400
2064301543024166146754058352059401211355176562906674262695943223366152973323268015504547038698480903284910024884517408423842271549724743844490648870092
2897857746968429753651041875636288585101776371016605781585655136753723295213627067906975419221457448007033143206024218536666244368584354112341105988229
3012802027365886888793885498141255122166927106497865705409579138567010079879587688896327453073774509889749704602154146886278974701173198319150665607325
711993797152656698665697706004370515958199183455634931155252331138696200084785674728578991979113104587061646881075705248760434198304413328091608174386
1159686943407872279389689857980201144341501878526605382254020417868461259603455944613037760998130332642990821291155948408396007595635664450231846529711
1624398061053144742798720402943366387584569583064844911057706188396807956829775494248254321739109095312326663667149001805709112606945704951752717686627
1704815817670131691983884181465324356084366165041181886287294257400932280895775543023533287279210328968019571840357585326006318736861139426375582625035
408845384247375739241603974685601610178329725064875120792011513648276916396892242157741341676709770413015482616925580895410838516880774570111286927184
902431154606462669672765804377652349816799812884310125566218589810679952088915611290343081748237836473084251003759418942747276560961920286054381043278
2701474874565677284831300882255005595632277646043598480176149499538377187170802173316899073067916829978306186791193289525256908906354633025148601311034
504317860460926649298662828897166621927466642738321751517071524154709419786462885049800979063140293497905877977273925655381623955189400962334866859306
801501678905071977659452177928545206788014695532954872699322491958950575420563233994747783789004674740807843361831998983603284340414364346065026672172
2000693824678168516506821392571578490855403313308634619765113044903673016475603932335076356642956050114522733126246734454826273669629207573528395782122
2476430338313729954564419682439520859769605350534239860808829518902205135783295437617927115143233861669827112656677527908077086490946255695083784443040
2930261689285549255128127521935667535675046356164931209222716825122893637594523188515305418301910857865334899948423248725204838237073685351783751380619
1044176990412233714369174987327614866371999581012128630261788074008977978892141873619738806051540569238671172561938742163758322034023896045979227972975
15705686164727280271952221466674612520257281953699729069405389566090611033051520878080262031608677328369264335438826557752586953326873612274457305203
2002810222360765031731921208958646483652151344046681791604689730511634298641747391782076511386437516173614155314934028022773810166439120043907247631180
288268438096925694635035155157018797679806382591954949777505988663724976785913357009417360071893228443760147512574609197475344168848146900090787169503
1695906133043080655229910589478452685107685374582837261346043835895152588106882098549724473573020307638451707572553774319091253344775199360997736519392
3251092663444759804012574482684337254700355894668405320419891072908857016565166410403322461384936030551201687625611639046683814101703111732248117973514
838767810690033801022571093239845671631664193673393578844467872494075737987000542725019785322635862820422925533083840907526614895961303771969092192608
982693919912272960256525470377871890565013800733648118240672140122496554260642813240660923394587008699178368660928354906766675405677667161817433489010
2484073312753017225039315328956549757738082563594804601192973220190137626309258351348651272183541613894005591361396098456755774555652989756151596143383
1170639540331744315679509014576933780758168264059559012051530360931693764073675077594119622032640639464747129449450660833207343345899610437298887321761
615318567995762814365708980961257243310683845556695283434536119661530443421167134259683945983631478763492708595447358578063551882965663398041042539162
1801027135821166110493093606010340515780663800958595362579296359323508183050507592678172283763702257162331430173092004725889823003998041382191694767064
2095248523623728274494031035328815028343498154358098090859383388404073583875667058064894495459176686770105055628521684297725145513811887168646984816687
3022796484791658767367250381447948557547893673308939965164675590562426304232399880306741786534145731833164705376493552999199200628497234034535660038082
2884630668525895442827083293494762995149777079439502156572547450492087669135268635656084898602579806002789499622778820839180069478645947216604795062309
1679997251503203460863017579881447141403050289957200043938323749359384987621920796611640699598436089054130027462932218583609268769309856683158294388659
19861138804445997403502452048211051519844743448092637297237818042430495715297432831272289684546632376055719429255140543408411831013147044653462990779
2250476271374528623861108523016805712632751987453532973460931534663395134654124370234648837015335371267525216503907051865501464839210752212640244898812
507228862436926568873743284978298492026205452314111029822101828703970315243403322376979186888513778637355804382222460946941484604389288564183029470424
1781050184172373862940663854228835921796807235256956222501915600965491132469262420220590233571390783295209311022105344480829793400920762892250475889092
1621405062490676824920641572728166367616967862457810536271105385874551304210897598606870607429174991193744778298862004846238237529806278988012365339463
3182741681893808417869615533907444077066898762779473789114066603869808888458035615639143269793669441456305542866086088997998433347805535138288541238271
1359580830851815907252004797169315283007086235163176149432060843882701288627716888170991967677754735413760828479539295848445359269708205753709596526783
449410505841549712379086842061868977140142324823777519044527800098225261001022589026964152682329338765968354953152870748334838855861962001956169640116
1240995981485138544033784577149645908898043098200131771175526782335088653687322160253343683570980464673805732726446449731696811393705953343155286808830
2426329881114124574318363381013231157261196352472830838351094684411560158820831693469099489451952876279684789533139236233113670880408790880808717593985
2865321791798716082992385370638433559238201253505151706581358092765970856918429529457047881833299094823245502694610123091334500775749431300797498478122
1244633295333493226718950065658445626028220036177222324379611183403606474983974815512397836438198770596754750290574311701175278306348013632446675329547
2768104316905262392178700908091966926005955982364667807385046745670595040697300849103126398290181148969168855475127255159015497775996037452736909400752
1337079060157079222389276744061827173558975196971774851292552921785572074561880643863591518820421361978395588099592785064542108844436439904585622771520
1000019969936503730966147984408089830401600976587973960008233393474545671454944816290389429620785040835141368312669132005949824340127949566791651938503
3159835550839822491461672995051816093721637947802587459606248902788241087194773016980204849350155842868814289956622016746869983524862497563943148331631
1328926616739633167938697483532697641294321629666819077758431039464044616888414137701746925193853228920017345976791180902742357627436425757872177950669
459761843272139914732621674221351068439833845692030674014200539836341896803027682665719973196482181410189166350029150192716741725229682459608956601728
216938932785294934102234536871383646781964921364802147506055066372578707413453755814163572633653417650426895642206500634987407347661880240003545206701
1616122698977860838128906982922110923243438941850744332119469937757498356148035865355618837188582339750253580199536631080260410271526172199937429293791
1672548436951603455392743509083449396362254847605113608680741711658640498742819782389292330725554925811191654583462005494044690911263098845840419013852
431661779767391259682399775618770597768378428685775325229260036813566272030895758633292501694708064379931350631942991924597389453523275011401525829891
2213292786510059459225412374419363444571633090376303840116387408585323217893611245444854509653323301265452712875422142468743751752588716221710274274566
83720245407630920447436599970989153649769936201774548965296051121027869204587694160854320037094910921699676080091267628760360930694758761680361317041
152125380341359809259110888816338675753085945900086430499101100563463300056791563822201142977518433846243758450020418785417644221767965917033145323670
687171258330237594813203505825422736229215238623408675794548003407589483744618364816732143691796604020092658068408132184536568810208126984889634610560
2741017378616364531404444631764016048159508713913902304023279855991347292181519655932509674902763414556635609320268866848307090856499240062367005889662
2533760643208171224151467004654428448607049685350443381031773648735705334885914828876501332652870776513286242862270756872127676531538553031875987607835
239423439332457283914467432502624290845758473062008287530236943698072387625911363168939670523902914658556273353719611249013688835594024010476360169180
3197327421203367302464062957387057649280503363140860593747353734560701315836512578478087078567416165820319075968087908646028904922226101434304878269878
2554870841802742916390753939199856522336605013959683822354337784322858353559602906393848347563371499210087821689598561695552435809670392945460552997037
497794323269600687837351970620101896928010182216588394406646527945686717549224522751561702440496962723873270628755488934347593492588209560936490173395
202971293662272093898037760502922766662686555306509057823116457248246124156209046020808461174322503499946130315916948417650129781871256095020125928578
2525753969740991832555299145765057443981576970681848008181530325239732652263630344402578874705061144130455255205894462484749683044783651245197665096543
2921775576560550743736177122138574376823876967844171063038380545177414158966014166937851840893593413337321050202312804717026567873742110022514536101471
644027001244495080571399244523444676069778971070904167804597973831339755446548335631929729801939778275951527433096600723826437803832193420041311300298
3145555473860080489648968173295280469889604330573898472359215641698101105948933737730158332401164818734316731217642843845444364287704997805746459504189
516130366813444594091465765061903476525724767014546085556765037134649742888333085206706547258487110222632166311180205619961151395439321715156200609912
1091726433408614976876438458160491221966558571784832222256919269066958718812816243296146216692610932969135865459253408952511952630829899913663093763213
952329017393902389628828010953221898322774320205818615471856174870684309031528077848957600265617318534166672478181487470955700278913780573873465575403
1164893660550059502778561883038338096709623654306350682652519866381615851544364209228258143101917495097519722229719635091654371712825797210489402602564
2679533319607186601270055530225798751528531233247885071481156548461811772597365309730942445923688509258460096310838241800794655756310187071249869565761
2405355631525378517048186066788217504571553874785387613400756634173468004637977946492695987004561733755572010070704387312957025884025679913340218268513
2400361776782271864800318299428619594582500813392549187928020368978666499913811016041319835925250734147117826984459687167681212116005591230068629229852
3127116514224130748061138157221237483323558998810694786451992067480477467902802127380181378957764789178837262573572057737113088217128823967601245043839
217207244273588967496418783294197158646860977640097300612661904010347224060971976466352102931116994805760107662212881282329167374819598143609783541931
651154956598718601161218793231080318893067843240449150780733928500110092450762807500601161487673422447244118533554842196796821954604756835067973873869
550240252747941696246366489145568821362767681120706665582212676351798798058488349386753655108984105676663906785838863897950576398306706542446541878978
3138913333394332726517971352961082467738816526497075190451935440021334382793539408480686686607485386969507697586103252154840275824673335252512495971830
1047333167763275025503532092935134602789073383652116623976228446668045612409964741285971635179794928425653835169916759088203819480226772903889941701689
2607668470602998279928098838143226921884510091833644476689336587288706119807431978528385573041336030947586131926489160990405310049076227630870490203720
2461882008748401791827679734916545634475698167116120866548124099318281744266742452324139576802645026185265416323941592790652131123571570923284435955578
270966907685100771422074771702716348434509605571127302876943262300500447603994075243367996183972649570300350621512496411528551907282112207288461407377
291468648553636788170585428956295838140711206266322119959594876731169360155505387676075454854761312865606952433751665936033170000063605269955989205037
2308190387044667906191753923127527009965296152768663268980627029004331078497834196985703582168407940844592457198362434421630120379079598118951902466526
3186565793781412016806160813479988661588683535958105227214211126441320112718224681037201635739749529600546600661951321228732953801724248999497597291890
951489259649360660920674168460470135686406943066388432385828947686511224199693421145792136193420319488889469149747210769830689655159890556209324072366
3250813707390246498721951984929647613601020579892405948296317458247638519105821516629552272442650785516867150819881525006232656644658755969559813971378
3181945715122480428357321437431516310363009338386269796821076727145419675194390105441142759390056356011121192430383916120855306663508149768781608151455
3112799088397540497954376355835279480648576192967471980763448775369070520117525862966551097732423266239988256698279423590275927868603119354100630651269
3166708392994098798588190358450255401550706409430352313727696017780550003364662452400355382319148606004391895538829782172044599664172687400441085160206
1148503608155958768710596189578177620484572514874900824759871960747606418133697079659342427039650408937887697202308060623531374194292759882865766568403
3201283427649317361759669256193353784777237459241120175895027370080491589745303277171420804473170667400227446282553390304617660777644875057391144095501
2124841271402334585689800569134944248273040584052354297680539829640176468311572393820212020609106178966008167160528999197011945703090687210756898581858
739705514088082965726739304525351709209028642288142914130585163282496776219488528454531101055407622009817866721181577182169776266872801540674007960439
393105019933122208610443667517878795588879434184851656025201528287257661845311737035998441255250042294843117831637403819361607100341544587759279947006
21376260256399442563838583100516253134103107262377568338450701462924266350371848231095245957659582297374347409108996845096039434592642249858041177814
785810719123512863026649764141465715746315914492387902632578020619863884052628401439577196028263843058900431847525105122297036341817356856882501388462
2255974633219208161985732000682444605750902744821129767074021815026422765437409645054902787850156919064389801454582913624508366859429287376256795925472
465094983408963529249866210375795541952403477906502228685593666610078578731987346778386799851503661486590500605387525719044733912185738668593960785906
415214172955652431002216960217506845737073485984431664725393591799030173858659622829779048575785879568684875933318301289290280752325315156286630478280
1489360651512465382473739669440189436620000176506478144698528426050140617612256267047661149231365905984670617365384139199755052592867983124459076585745
1674398178583946236369828702170656399777033340139417474646401922152519013743736054532657169376080655495692284343878375356697652663570169591365898748601
732807709638611555894300105288529044547377828494374860891493146317420430425458007948213071059067565951633928905683561612405953362628340141842095628878
880380298209300557963935312399756853048990763454409761916616444187867944041171749166125540380925023931699632521092816907438669630030718354528995328055
364160123234782095570830116248920241615702733567943972482717067213724278509584032318233588618193105936522850372801764474510827483677643258934289155424
2790113272651131686152720222151332493852507307370912777882900377521984828391191851149196739612078956825184648290978316630734276468457453668692386177754
2883840688309338883594455937711783198754342931943162098335471296093572169458413230054420648921226604654437441773795414476477596219083012549048219015237
874911457953138673927592829203334502861414202074681591643538469856566836501148201880069779395976527501730267750138885405945978592875345929837422984184
1121842730737847229446111857773826806136520783259436230968788309726483522184372176264368411885062815759716891779338194032810820373784217493457123522952
1396264526906562119900313494237144345193489413365780345995867113575682995639770417561792631366375749875249878777106868994222909804982297860344628619685
2801331432128298588006202525729002504870780215714462085303874000723358526291284637149908504740567096547865307602726055454002071576608589542559846699221
3177284013172869917097442085917691190923817926463012726789278736361781080196621131411393782902788865227377436198603556129794553664831070818183790293994
315669063844553410182307319587832227653118816685609862066339841859935181997176440449949009005979505241216650430819514942516023538648454183277167962703
689818280211679534343034010827102576867661104501122934748293957201901694046196696337761860693678768253419664841194978944534309311607560780270884527199
449810212871342632785756050946907857873601112740434269842673705551464661249278786474210130006386338667711960343929828595159394162975207977069688385855
3101650874312104568610938559569090447060624501776503577215178918496595722358147893303510408682315711244188294473441911242965787497073152058159517664391
2028726689945957135817280984320848544754702202038430991273734892590621891718768785403070192416003324010049401745320559283828222430508236212958734750726
2131467817383338538618105776095972316808836492818042761165143096358967983369069438974864731788339098883386376022235718286707135185357845953419590523502
1330527800802322646111228122518110973416362525449766712498932793100579642534571222070182601144753926532178546701346855856220342922005407523955699551745
812410360948316574614324841932290503612362168320888964851238013520114069965724433420395154586092729207870490173856036594735242197290334543169474723742
1626058377127342387835779284336482185121933901476303064676417572536518641529212818530839494510336368293680027815970657037403215135125868592619128134946
2393449889397322839337347621965062759503532394653793732427213445018159955388895107866743627308849791375612534445722558718715336019551008545545297819447
2530138159506408375817001008334831872283174892643407599548407241224811325917302270815442577037450164636672950572514947439797663018604401712850586683909
2609426146757917367013881191015581886105642188597841784851727733582713271763589782330403714822008843728993812600040962403464845515462002427520234115502
1880160156552482642673388813574518001217301721928494137339020853400746932011401784894315166715755937760468960902491298438952201891774110773878563815326
93000742843741802080600931752536271287741647868963271663638557970072214146033593250236283920857275677243236352852882537297058806368644186134139184904
1650815890260274430988229335814109432464894152851807295803540349519183021433234862953247566122077505713501402177444178569862857333519393503990041442807
849592409213818935925199434598003267649266921522868099311927884001663468470391662436412924534334135161876811849227091075043881340510906996331730494879
62893426048570928256764134858319746744922227362642568309832985815251477927620673346643500403967319841259034057261436849931311686150674612065701151506
740864884503355126768146233928023918525615356781587217278250547860314404595849153132354167870754726299716613309421632224424472686938200782418526804721
2327191280507080743815445420777437166609494167125989237226736500913601402807048859566641600478578453614052309552768274840291778492708408745967322335966
2174259180477713493458501127480527668942695934062595489610019770712704638943113856645380264011142640321243959304464712681337446763281638094934598613358
2408256723525671539330367733143736843424802692284718299998797505177871453489892555236269031543056380508070527480263564037565431960055903047272550410606
2590349787197596147293849616545969237111066516097024852616059209561117863986320157301255922543568442315761225684835553941314151594573398147322638226155
981253292904613955345445865711992220775737136682772948727895541480591513435714409363075910824053878699752016441248625548949720317327563564022422139256
221788893776922882120110785416131673563116193928618796042636807275591969271950583076381875103989283424195746534714602985511455887913340073455103574139
582345881741943823669234057616388846879310201182887971108850905122051033186023284069223389101992628218882109592500584003802740786821711880960283701670
339389655745955677208997115372242738652852649535332961825968984289276825407039259395301517615510079204378522113953586390157008259804294442566907919639
1417976957394306957355988279172585150322536392667905586884692970295157172017357426361406694248978823605029494882335485878531063369401233703019410099898
510105435253491711699225737289839182950220352843307271294589277522305766551638811402943655177208550222284860112834581515027099681049805228778807064113
508394457812011291217466322724084975796819695158108825342218516365732426094876583349682176597272958944400642638871115769870621733483968430570834544445
2015955364067723221934872475421800900322690544155077882960299679858030025610096175311195512142877849233189443140872780984197971445740830158752777804061
2861588464586231978795926890548770104344898876338161071320744101464658420157206238439314923882011427799987969203462787062865132141495236548078461855556
2093247269204674256743690937428189691732962009811603507176966519710275635749700839537131428422072425342248241539424138867098831455818365454759867971172
1812929446118038954005972806436629214867129562376976997233471483187143568969648748641334540673143773201969631411641786515852050164652443726179459352792
3258321383988887886311877724653280175422507548938614853831508481261715036512436675222214475155908581623923049468339928421779847097124176878425919513684
542671579115564091783324420380094075133377843640197638039196393439369158844462974494370556064489584670404355942888247523229156514225176679454531711733
2841195487953136057257631052109529525560344405752512424556745246366391258520429776557161357288519555047750471697535045937759580771873259266252045238261
1073747933645617929285803487057440761342915191159206301097401825155978632175634167750445673734113397162207121328908985411826563192526036787513003957709
2380506357709205453432688292729736982475628774252244915358842900723919775800864586871884121681074201745187165686809414163105838884354753151430727465367
984540568819257693190790616356195388116980178829025831995920278036865831688891979813314382424800466063453804308875631472383328563501006397739403605202
3023699145321080428218133495585715143771972405411328526273210660283075930114153459715873864911023966065215214298061604062687560758063613415663815081807
1377229633417217439635102897496781521967695216825259883113173241918417144315190916401991985194185210503165946028712957507559647208309584808015576997065
2087523433404279018868095804468389503989800032144869587715735585605411444282863062641505060943400863426266552494519076767441218754020897123496912579416
1824293358570158903881344490227475803989617082180933051801749602491469113437638006329159161068316376246070196605385944321068573178754355346601393625155
2250779566233418886309284314262455117439105749806351295109322209195732186034207870911542562233952266020606317775531323986578011663047473505878925818834
785116207976327899855433374076940660795218389709484110375966729335913438068540484759512632020514799123322079983333455294560003782722998583165560187886
850798757064146091940560113745219781487760903952858525110317738215938003424596468564229278509416783480634939401922551270244210901532901099702934616205
478881554742218534619117734323277586108603224922619321941327084296008818525298182324464124660273612822801810022558661272165569169677628587355904189553
1550738175327782552138924115848589584620048707285558958596577010744856866092179248923813193423502020530831931026969992921327528234485377639114178253920
2055649278858806974940970437916266894412687040792171295969458228278497877989534594882213347087042516903202288625799909064888891930547656811148034432857
116056539606975318227090168532768560757512353337744173232587156359565347543143469154728715147214866211997687755721108820285449821196742406685029339131
2688965039830265974560615372801937673197160931698438835640725490119692783877351377459571210757441291764535841285080374922617666525967403984556883528498
3194856666691684051096464595959196274858531282340926918767152833419520805301381888412996510373413681348336649613883221591957327997080982494252627429481
577117960668271939945448493092562652579374251061904133772383580130480168644918803384204570191173892945919288912086884398493122215395612027959077545819
760203432926954757414023817017346929430179827400342938813747899935523156631716598544976589695014384780245550888877903122127861722210608688591301933741
2799234559103008518501670286814450890085825965333747692664842385732154884449052699236263221584501911256063186834701925133214625837099215407271731651959
2679816710754556681122600697812323761987171029500462527731971973247182679727600404764618375158374980810498554580267821364935399601304235865538702166207
218271662542842299089113414153807941622836835488630858923642186923875031363815594493458730527176789924037272590394676210403038109754679823337394905264
218780765443609891254245718498037172489305625836356107559354416034300534916224700189874290650693955815773149311604749592336798820070415623696833057626
462040314125390851746542435131152267022002930302278949142963610412458954066177523922656935345315354364598616083598283215024590332440819082490724883825
456307384860287036012355437552923749226794812309947261851221374549190000791311582361531092841716931214285771803186008988578756723528379464965648773286
1859030197051590088160311660955007650538031208022942944436298350883504610264048457103721048657320817572866570176663332329347905405675240481749080838694
703131500542067334086957903877282730893998423179325874157755157654960471286128473279455548136383704848306899258204470668911980638062686569847003009026
1254003966174578339949485564868981916691863454662994834606035615824204799841328151207821642346206242600773850043145473173330807788928038827304571378723
153627241515293616889924930260906692863463996778814175303619223455436629291325132292766896574993676955291719346761124050831095644305242735403096492657
1692234629680763401386442207211027562489694029626316731508088926511718719212179916994678143405923769813622974545678633191999030958554622876770768463202
1982442798962413991164437829264329750722059167997761360294425942860382513498312344986435388043509947042709969814494610356085856152293635014684383733698
3054259930823045261037106753236983000206429730454120553724675347238403114490577889164867649024434708967750999683840462845045221763676306011414705939351
1419676443971888772920494487026238379121042734834993112848871412030834544834058724165229847038153271588102536035034069332050182930015363922655285936232
2433082457748461974074238528904513278448727112915087120958516425801051457528188483805685143123087243519282422720293857555241776297812937127523619257056
1792150084234366958660996007871864730372337517618203426668427818645166861154150409934655366064423692598456262365772224748786315325434105932776361914805
9947080358403376015311688903534084499669178220301206401640548297588744441146561704826060654997130148697762992988755220506350023799426715549467818711
2877638077095202024420697964962255160993482283149741883514877303567210017565552178104181618253736532502001577890051027736551270057522566491886462340609
2189059013480578892391104240650956542565415784499969913404933055074004955780110876108491260515810470749886111034218931245818785249047180149830408858770
37880105045513061589650370567505397193063974321413484422389847151045571321198369239425170214099854611195967702820478721849279361738611521027806554530
1941944303719263832649385116656483543343049930780134529120940577478539461827339482709675473580057700865656524782403319792715969617119713190820512437252
212971675218568082359837671978005202642583794374876824391201127521890247934704874848776212048832632534948793357294793294313989409716205461658374311124
1205136403036753763396736554849119146151779252464975857081404152435512641928258525890212835260305422666027059885188960460783758321971806030674334997399
2216214556205027113003435755293977948754918677993348937058396863868492169409394644111924087344394758166524944027193431024294598073582122900611205445314
1767046940146771872338219708470217992888391358191369019600003144335987594663955864832470209391428921101811806806986580259939252931126438821061947569203
961558009575175285588154084905521789948239932611081051584900274850497643360184735914238541706981708094282188046205796730339525761128945472142729541642
3105280710424680692436709941127759716995167596585317649359692540848089361218505059753381846478416492528516633126949695947090574284208215753178256148495
549636134838531671878341097757953185421751410669380403260031019618451118348455101571306122584608879998963994612850306093832474534969992623879497535164
349541634437089086332881402079455976679674589293305533449790293236505300217731611580394017183574551327148093184850461176441379308827082029583526255140
159363177065453486521676727104066518570138557228900099703109024574000525084490866368444960286436984835653270869613187144563039195072902287560649042174
2582021779507122091255134627019592070193362595315485758424776193772884461126989446070598674978561466325674674574898194392215143469903108691680323716011
1157756854986619223080335095324543074926136180198674454552278124220471109817095241592694100865497592077839500626223031813077219454806335666820508670224
2003552145022382768486545784295890895095844800343625235624408534022403849210568126657775692030904912565751558724483379729330487772344265930596201236080
1795823171209840452800492075256685088187387350051040561884348047209125647833268791569158201043268251130197959809625790572784820737842278431830177066082
2004213227482974116291588200547545856581560946952639348473639002668375547456345586098577177185404699181169612774729847127369367906935114551611267757962
117825163236078935148943599956526934551712500583026260752368424374231508738703851305651632906082369791475230210358223916038266936929960387454209323468
2062330996788775437426329832365335227677244204749060291595760657401857910776595359067988035874080378953846574133909847340167506237522675373287635924774
796610863923840121817387443795379454420687577643741892603499868137423558420640732516311493602211113273902944906949244756449310995296980812874898119605
232492687964060481755164888047353755985682378066175637543162912556950936563916814419139962409420510569735670188576824533830135842301229808865184721759
158993521792134186162084348317749432317027506952280339126027646616826700808168213383979292626491690704109226755168092213352035147828472129782704608595
1501178974714001161218682694560381669876852913103378749701916804219495158197087643657963511465897268980675659297855325646105140435913311560698384877585
2815709693151174439011237965082293758990622655968057389856017767022778081296847351138382979433764269588821503891406680068789829338831378557703900532741
3271722057892879610519910094473954950064248062247560380446520451565193803082945955746588537895576038858546674947427703922862082184848862242704172280066
1122909429935205331596973364356381990112955311733139814198894581970823971572578519338295810376841965690456851253634372716498819756746766155100038927926
1013848279068034785163380029906896828896712624806305728308518752122052851395337847294484969990594330588601500550216542705039136308096595750911593171268
1292098551584474961247503401322486917033918590388446067490748403530711313185229291800883763093861587999864847609758967057208152827074716692248569271701
1255633822036045523395015019142130630989070870664955480519737216017792666131350676394361097093364049414482589532041145948865821586921935322411839773448
2871637308621083890264652569325235420505859442371271206390331778421139787326795163690427873180022934851847314093697036128393055790438153997514067767942
1537040336817370501585184523366043835211523079292159567514838454400467690178674576136362230243569740709579519651219642458836937639315962133076351516599
48139469259854423333988320179047248089326593285024084419841784316737281991712624535284690761325410195160687728499440228240411867386936248090739767650
1557253611019298589473527447111528352481850729844582942327808138002076563428106757840879157780771332014715966741776152531808327636992606166165698446593
473345319512429123653955693611441426666087157054997721758183041373384218728460262431470432364702225501517530440715789602649374444686361753614850494288
2529939053600404699632541097625874735940230154456117579950743993498119889783073800763913475030750256463724203821328710718381567586736708312162078409713
6847548228586223418444537196199798247291663014208927029858388092649562020013343937978708477821259205749913583003827943502882925502720760876861741015
655062336429894280190197961802168538123120842885704976688314242481936620354892091933330660502000129977063004280724579972770692776981447515401976056448
2645915038032129976760793588958986862684019578193191747859148901010852046699053095016383083905818516241003317716630911692027331909960604818474232344371
1953357152366868353186376255044899621222755192576870110323595429629207171900740411876965748860368166307296941103907117826298537816949869354068140085189
1331300160877424110084198447787856420480004993303389434815289808103351240553759452826600779668319746681238113774102736254191033229621826194715808263544
881224306630021187534162313782512125891573877068872007199228274891307859301611872096673110353930584438863705545482764695943509414376563288872409762599
2880827632866839060080282634545484327294644119323350125918984691329295493399817893867326587104346952926410031509816392172922594315099393711253816645408
807166841019829864197563509900284043464178614989299901994019766874590891560457531454008868237285519464003574661788401418444627539036799258885424811267
1596777827575776266742529422176319959423211405839773728475232391054171963857472040264096347247313567637958211936602424607351900465377323076774366297363
41693540596141269456581761788714219522420250870624195241182902630728513584945720633932324802781725555818284378461040877873794054750653830784293329253
2658760844175113893784666107368545698151779193973412025322918574136852663482737882508647309104397253347484445400906653173844615594180873285352960962047
666746302547240990945359611580385136647468570736582374352242293442035145369799510068816040643676506062828081981475772461453167410993680126009893923975
2938592256543476426255933377189676664221718644322890360849994767223521218769759470348546008794915524609931882648444473806776014212500241922204211439000
2631034299583704109984658306537357170471036278702647571981181179031184409916897185118307053839512872215652095914277803219495321207317977031193953933995
2859096620219694803052481671865817222162961986348624168506577208921237895157727442524121808766557891930670786432080237336041999092526872267208000477879
2736271989434178277281798509770066502518248406870505637136650282726267492448349639081326835853107116783468049735121798495260117940242313339850202310299
2297826058466533577821696895236581306463570382878392035835882918297232711835211219880575435238329256332502528335889117171050086026421777556757143731655
562642526899445698847863559312864908279188058469519558123056139691213085777322022221350962447228266135737204415882270619502867347475134348580955402820
1777079327575393447571865962866279705413515905853131758078076339703017223236990115547400758469709017126651282810036186687486507953042703414129586318902
2728642911372806959621257443399680598453336454046388384589899154671241325468047972595195338933063907703753813165491675134008713585355331381932126745509
1641703065019561209038853947139568461636187365666378892016081520567402245448825324193439624781650700380780472535735714016001384586672314929285119809328
441649170419862338718895515768228568489878585730586653719389087943824654012897278052254412768438492932618275377047724303744045334185565079929767280710
664493659060465478985273740086138153545109352550448510285358739805329998402565108827736178976073201158189229171059952823021207551663453289454183279437
2546003163553357949653594664935561840364358351639936211055292378780688365116432079181043225120796588249462081068323364994513693469069310893702524579917
1819288780442004512397128028241297827581816115377350217209004271114099563177053436168632709139971888483973058588874300586566579965466430583315146635024
2537127645097981837692013367250904163534835450894741097803384566466432831896716728298431463206100922428642875106445673314767952214891679391552374992167
773702743688699138531962369902312171687725327892319987234115743877630741486514844836881739789262820717501835559915347082172992038931504921630677236998
2082853247419137933855807716647562165059695712359484238335490041519517253053539640706849036434230926328964124072696296226131973728860243546375743758647
1317459759015040097733209025211717491634033259241701489309418932741669618678180010005307794291974654353298757869434564693589068232323167294615979825264
513482096085491954175323560365465379162131458217966299866728044190773065593317270151352407257198471507755493137057262882616226924642814074196980217923
403671143083759844283105941323457335748637982474398509529189716493745860715589857914414404869886683684705065600047269690667917430290714756215714445502
2042012823306133808831064234450613988221841132779366502191180601521588798145052245606202458559514265192567744246168395232901860736671905859776609760463
906311560508406782471842548368761063929175382716669179145853565290929255180565613735977394585759887453787850485786643960942502569433643934752010122111
209715410084938934416851227245646158525533310618377861772806147602775521947973540131891426043043316443918522599800775912603450286806921588293343751100
762956771925841380448315475374124462559591311630217961884686601545405030607790206389646588632884568881856567296532524267408205661473907362684132446420
1660630817574168598381088062348911769747866510438306491960295474800994091378992064493126353777272856754295238703672565181039116909382883865390400827206
2532227327051369039287338392134959428603728513451384358456886769825810628508779745666496864362230588347754112953560316053017035611816164697682844482219
2800194613761115038472273306599149525523326421083068625470548372045214368807174287073231937004178171043101303501688918790613629412474743414042848162636
2303468519174832356504279717672499467497872446195809138093531970478176149446478857284494673110131712111471738772229504565041725366629947000923649671578
268136121394233439286856941306178162369104021020508033179958741022895349854609906156475859033313886937948255878825464894655151688276904456094969499535
1953315588982815637971549629096752472834381612509949609942031092004223480239953355822706533710315394215439209693823812201550440168329940565534640672457
887893750365843890469930853822684799323506457079341206875775553739791094396148495631505896077954316309847793237455700680097837776707864500580021794174
2228708030869481019154566085230042066749623973939375709046238207898645787172474958050350081022149130054471947885217169684707986349679389927718341332119
2670887760438850830295343586057094161015930602028842506065202622102863285178755320425957438109476081529806636568389591570387593899863830930606676744518
2073054797676197597767307663666450733893234112229829880320021760559357740604103191277255610112091740524516866181479547142459327910155900131149268158890
1032616961665132450144102381260498404855223288097520505841083421446140484347833181452333657933829115469367656519563123806314282343120124978724052779695
1323095407876798078343283590521717010587972459205078301713577515002545289064584900873481727045606216168998966164562074031130570284151774791638071271753
1298372167139508445371576777180078243751980161605728817356348076694758852220115667587916215347496583255355897359776019744095702865517943174704150344734
2993678278253974820691013967488914313219126990442762381677688157879035305036824549629821490120871268101868911202272137787225961073977686215800548749584
2766032804177265882787641707320085585900299425285486346715273155317068496152768375689522286685018647926807451027607919708986983093203577295093263914254
1839519709230775666028998261020896677427982095851997259045461660716240308071720229087574726186991832196586524714453270603906369196868698939037010170703
3209543117409921903922280346357497246684423703220245088134383434698774318227075199036292620513973476513997782034217309076128755948339731935396175303936
392415414224145059737847189641987492310480821820934892585236559819213316662475666306889338487744287713284845611382871681683749298415668360417204076105
2301051086205826755440661969409622404205546614474130506958357159951184207304216102523829043751499249784441201891001628037253400311424615968530290257270
758236533008490073016822196139264291003056760720266637558352730400267033525070428189289291611405528360796555327734174855640859363743794477928272155053
1085976797948835155075752112990829311570535198665370116893360977545146258123309328437850524421675869781963883335740068572933329371343457770364559889943
1409789675541901708563959205963285233553091682483585333340451420543553179155074989516068773804179071955322834924800476612806769076537661346500743195903
337911575163175939251751698022806365010692766609923436188369176686673235108908948219235702792479214456630904355075435289701830081098795864783994867990
1041673697681436631980989728063386075517766620051074285063113995168287269405032493059374448827178849893720149586296540271594849497048810163425852740900
2896144047986818453217126702710811682023627033641372511222223452321415493480632935371004709725112086648761067607123329950787815056414670583707912032454
2044831507878308944140361077280515842652471779574756710868563711101118624481302333109255630997699060264868722000789793191824206527471590673051478828530
272791797826998793197377336097099121470450380056708511749013435159157821784744589306731962430848166561624288694515961299331858004902375886405152349312
2531066539410501128806774060807284055380154332832164746925613754674845880771619023796059833116874266499988294860163592386548971071805132362175400006898
2423581449929056387175891628965944417765093567007176755740553812056617621889103561533481188335416671152092779332066854165922101627705142058108123611974
1938086221409207156357619771831870350566631564576184615627698125851279146508380622830346176214567534171267726728710411370083959663598962299244924291941
2879917083270629114355262827577232832657922160822250679795144910340939202889767945421309705472816012185932105672259529707797790565178197974129476142920
3175916175699070310916172492148507788259093187296130238449805174867944704052629396469368712043883725474607094145843528568455809112934032070607700196981
141459770170400394073142575978078548481910866720372705024269142261961342620052192016265295897260266891369514261627694872876659580279327808385550417838
943242930061285639040025553201871290746365056442401647014111895374963691585932774286216979422755216225689666796953203189789697208353287471212724166326
2165491455977506403969877258302282694824300627597877481644410720466051468240646654508604776384104137537114611383802220515499366706777911507188349571399
2164120964843850040107948115666104128528069558405842391169094469765958894179827872938846113055336172672135294117890729615021903141553975369139053649471
1376193960930791716216685350834649778615795426005125629191232395061425490546359733338985357052405963093852682265205836088315180034481419334730094239477
1151363921488144080548982012580373130138808676443729795283862556242707439223292403223433662604565834728731360724365039385080678304199800847138355306475
2825065955349178870440860758533157256853704781564695950851519174880493921068950266288594652414651993168779972924979432662763245056744928814351465526373
898707872604470767670474277694281644774040941813209675448176236931864514091640311421794489489817779826352037774431513636552248387855992706533584409313
2861953465495633225770757723985382344144038585467353667086344925006723033627672129741245166598955786032140760489045535780700505472165052403785972582326
18270285076165831315174455031358054430174101272971295327527427274793890343927854762185026327548453569117969140858674378619576582947252707132173914528
170786333498737291124020234309017517727611547612566760248606991182651963240637408627884831171053941056042559691597538411671930468913953805200901407357
316590077207072920986956138654134790347774743646813894487354458092861063973418164326572219818514411380492495221219946603352347368675310831984050948132
89335910296027433693339536364909920905684881154738141259783023450112489305708683288414159571483958899649978644240406757463631856883768673924163729170
2747931986971861858899242872709308739548227230775219830602068102187891207594235029250508162020697447507840987937499446300153206978005363706104391409627
764786832953356850447641371563705720411917180478679752252802241388928660812043427174260822225937201123840510073632879268858971521180806358917543902705
3100509123396427854504794229623375833639438220529000581322699772990682225125190061395570315335226100334990082719039459027796173992968015353338820549710
1419403979769438232769703980608179676139828269256000890384111599009817079120268172019731522635479231836675227603914862978219895301958108574902074576185
179188428495206663396544795491617835237937280851563124568908930433426733736759380905616888913898303120026897862849082786661767344272570643395158371822
78005854737941928629115125375005441417012912164806102243181799467681763936020764433319077725089040522004881136260255142042870411746392454262062979808
3089095830920322095627514779635682482682382649292037111086277600339100734190341722545116389104086644423363752534950552404744572632047458563630677136750
2280944981192959263979771112035060264444758545066955559349438955411373854500516704554315473661989352621276945071863571377373190073519650132422847359400
2224117342838914239925805530500982907718545142649067937988479111564259061285804461643545088032501731687375247670976199994681103505317285722458132213212
2911878318647197259998266035627230807665950769422357639082155758439395457099971175132264440270454765463730667127546039638313725897889163767739361383606
1863211330315582996927376863705104536355048365467324311221110055380067031261313404547144291117335545539830387611734015043609331108887076007856827506008
2333800400285479862856542930049400968075161641632721594313785240002206911372080956412805221192403163532608608404744673076023691556966653001146958490494
2996608377534096743179543975498585717619399053544196037790972395897452753092353164592227274164509650773182080644370965876427433659080493611509086844406
2210499229555365247248295872897403110460441002077053199461228795667429373540495427361102059508987895397681302755967865131134973320882528959034373246496
3257124464744108307023407548828243720564225671903240542501724069881200479232731999269656261036739528518473268966297979585868579341709599448617031537899
3003439732959520371578273290775077486580070036123078936046812987403113560522775281911829775096811312158932473411647441438947381760140782243963697286104
2677310947867281585070640148890539807676558126055373997973612329753555153199739851811753381958260649811331930109592566372866358077196443606916564161698
1601574840964123939337389162233819394240098302076337697778739919230108817299709513646499157228009042680949293018513412723847980065902535100332678975527
654388184164678160042499824677890189674566992562433704967865237556731466931321348016329537572059835521408369633332974267843097589250346414276956680873
811405265516264005517187401271123908491264394686117058668931838591295700139153386069415182804663251268134504936746725899698557311025999021779104198431
2974513127094156355792938359542411339871547158761035863037164434162361512810527615911929717662324051250289252982509350960835079193872936277752161345407
2767223637281126424505979667587351670773882579496401797945457313494075045574096619201275208586123049488612136280256944034264910194237731998167816096145
3157012161301740987629415892604373995210362627208448497857482252166673904898536474518904027959518494923376117439183610382352147242461497025718241448949
3149235823028560368385662994892267392732275926191967879831652219001508056504322910217227490111229450988836232955129599830330168699122475495116248611653
356744270050461521796248133057690491342133955810199997290263889413292053575462806608142083073326123922343414532690550769476230848706986265283496607166
2388647917644295135179667341179934944933268930523028206612484408530219781677073213645905534358347662210429951674221909159366607700319949733808990535540
1057484411203461001722716357459796467856660798411753131859485017359135759212016831568382232284456392444130730097231491037480669280488143622395056905491
2907188043454905124364057636675201537965062128159422885941598674452450199027831869464470062377281263167372238014463091607568523530308762430554355057636
2407694291661149829772133806636712667540880836888162506566206741238509108300540254480745997099883465359456731450135606996921995058667581280329384276142
1224011176272840354389414136944977000593207166301155959093466454356984071858199574397870885544921987563754257928480083713193288402728322561547705319739
2053698682000971615266595644071863785471374516644874583966543638049749148507936454603142357126548015450164946759476166844818822383496298972347608920834
485523232156389273696008783582720329231037739130166566155900746179457040183507628752119808430848061568905640676458048890025784596019373578215717653486
2191023177911445598017558001689502146175206809372923014562811042972947311760718806654201536344982663896453108199191975736037346136164121087414845559034
2771981449649365685615873253213859104367910477905241847411610877599358339528417898041480814361574486167552607924583338933659407944692308523694575011273
1659399025639309922679843711831956584248411470715230097738151432902725661734162940201038447244110671788402227465393996429471857584871573504453627010226
2897144264330887719659475181445904941572842987417522303842872630143361532947938729747887854261389126197367028940558323750507383950468525883234488152201
1510715342753951617105045152802382080062420182169996030269969101585590357078782000976217517643109737520929713844208130799276558672947281614287705151413
2800976990299129094282468750440414025309329987846664179145105746743871301729440408740303035771001814700381115744965527902135609016927243342169853112908
2533777691369563942793388946799364037198404666463649064313613099745686654871642004016438513607952786153942730576123606282036099119177160542586438179348
1996344127198929202249470360763043501654772470679932934536893692405674141537130789290515402544172528645293219194832809173433426117560375842319856577570
610460587247463274794695065297143662850266966860223365489407094461659547408400555462645975264957282506450292991520042409046843995216326575660684073246
1544107921656371133478506699070420585782318388528376912151955046767749284253389437329966319072262110711666980631410995072750169144977522577136159602141
155568659059277619744731632875728234671473768784455055536335179326474753100172738985379532561858928833717351465351452925212872821235057584344515932794
1712942896087819949321282838835219861402941077434141253012312422752339168911100835721279495054837439976208686913348015412250290321464727068817761522087
882989571980109086330533058521365387522008228623346984772912054486356147423267329235058395387186559568361975712915006064784204597637478887427581788123
3043493651730728608456658593907258887537039800049013960890058383530112345539408845612253597234917321923245153074255120420047645889181086474906053494161
1453720270591975192548709170102138675390091412245716843987441671755814899085189972324213902806125678761559649004354816357515702821821923818855597457383
1913465393415589091549624230520267196759820606756793665949877583646076058291414055037973974662858922498423529274699348950485986898819471755337859030483
2761420119353578358912786413053296227533690785900837616719309015555196385902017993239054098783261584434316729203955522521184062947471805815801975949479
2983321383668463220909896420600585863273944611853595126078757098591300614935802971903208677232173048622014109013355180222819142018421364102691818008300
256704948461291114519088745384274749574665458831477199408413219455594212695281964715540655455652321742689859182626593849695803773488936564174749980270
1683880328776688458589871904633865869262079710171350501638903638229596370685726524808814220991545647912934887725406738599992354107009802763065525288533
1787283183044837846113435927665081787725950749832566919093788719373769095095933326429922580149664134345062535673068842234028066437105822950319435593373
1541474758931593029580610588327991095083046275799213158305082142580685384366060727274413978909100852477875566152537339300101470368544156474851261156883
2293389880757282589147363362113693726659410640932239697622902560907473874384992807744810362027022183637156006353376393227133756353971852374383621083971
2206630381896448971498618247079549897501419266263919154755059893150869699347561269121793449268813977988159650925797321057539926093435246797126830007606
2267713253430262940206550269458216539523820219762219309014173153979436707047419910367456879938817768284513645052812812623433029370837676182594535944534
2713579414336426727222291457431292987229499439198043335800314701653186271281817780315787394166768826591721884301013031414557256190245737676233263439032
1471095891260136491563754901462722869568180368959456984788656750375309873833733095703580296385172457882039941013670748275357211319613105359292617625293
2942901236443418834581314221261267102900336866059843965576792610023645259645900167236396759544054163063781564903475254502517403728706080066507185183687
2408706662239615582298718979196335963932381557806851196761181104839261683875378666182209743077548017319998518257073355262947134124605455634385593913523
1992052319474158537986841446743924106747846330700139565557678793374848929578507094886603837391042842503842771294811188154180841602492073080092758717754
1309479034169101667547842024995767228866570142894466608062354061347023687517052117843448324124620979306492065024804026734027576160357313071346223422531
17810025076485150770402707843057719459475254992796562929005478881210950416026305360101905697905150797778373432771261217022639947551012007443340135711
1919256237237770020302546869874916086876731959399940704832710112022715440246647467752566680953091251143687092479180663262708304524696165609717095459462
1137913249881211181258906122843385692891487317760398192174705929615603987329870074173513307211771239004618533700406836829723264689169641262734168514859
1721685767998839309240498832256683361681974567401607084737874954029869766233168978219598172636961553283560530232696822002850701470489248055663767496302
324000349210304189088202735659918268331672607856798705882259932817648734321698827437477703530338866368772955725213565384340616866334595309050954392800
1392794760182718976681604681590432985445830873229799460081044540967072549626833631791380121014972099798603983951587928723171221301547340139047415448123
2588289497541234822429501249637448201057449933160284306380358233775886390004011500137871519946847484295709030101327153300896199264773957446548271369781
3201513631092113985265143798801939053010174451401607802923789646685112147866014209966075373364269516221399276736475115335572888871602075666123300457424
490519331261751701219291135349831442759129096862895212423337601193792593735279984068533576231616120604558173584573981057292116958959072902548877869112
979053473101290896592723718639678228618272341674451437228944649599161620046761589341413885035427163129160892785734537584479198848170545910194954940925
424643881369627430498492798414762800780284034101298006954535411691002432516475294650289149360133084346846199016521087631661603851003557534223100364058
2654225189333001962385447874332672745136276439774081195042383078425877145832483162361413167918610472439067044454974993843888519985038944069815448293938
