Matrix size: 500
Generation time (seconds): 0.627352237701416
2089290767854630482472384373525256953739965571447291896332949702815269593720503001867806949157686305162007664902367591442032431893358317602155213769736
717080718231799747217310727825720812792416846493001897830435751818793750870326718300080066822576234660160664524993929775646405227830241463736218856465
1823263387684063607818753679249917607940258086630828657313621812374139501239022762410246310800164041061893304512209913482768651335493641305110055557291
2207253744782034688066032304323099747177081907002898259497978502733481830774788420478034094244705667998386007812834621895766387871090285350526274144165
2647058594899515975814683088142543699439292299029392352241530213142034492330630392941478609895347889395423635684384065572185902620108997263635053614078
942666285512847065697088022988057757749416933460058824015669935689944202456655373994188772974496744932180397006119325994962024459553480436418258882699
1317358692676536720203786521426911685800769202175971848820667197425383921509458622989813021705361116962891921328907769025695938047213056845773216542385
2305717303778427997534360550248316949475438301130507102909947105272095519481427924371534457285142398112265724734604247054507801921994528170304359142511
1264119083829599363131276382270823812950427524452181475745659588407435023042221230940953788429407987009339979188360981394399166175420398371139030598450
735508897248977083765787804089087920478871984666836844164969728178840107766157268630817378253577941535555420748385059119655825504471486002734955614819
799197921243664357830188620708003005083578342413859931982145171757737292476229762507827629793382815791508071863238888441243272562185809194945863100679
3005333401937552293342786973850030316762974308539183551665776811121099119819867782038573939452578348990446440353261040722301533287652453372338093662894
34221143769173425399279050626187402735867810907508793619605392440833544548487759526633109378228879543951478368961556540273076523204989980667255210814
1605259782598532508770118632681805551578777794878874485210939986471295582932480154274569188249132087584674086251474914696203042743914030790411398872708
712565735351916868430461819406356270696321926160939361430217358910524175665711504313681413565194587895785913436746256026483237515989250109812857814051
2735395446872523821844515362568791265271344352418908499145888177731537925730387548632244713284658326209930564432816238400249392806354647207343005441662
2773276358441366444654438302644972249677745379943406785233669630831325793512242342188503899316083032239076637480852463550462662466028839531939335283354
2603960448211905673230612430707414007179808011127348900737773138474977157795634566552425776114029315893634361320330457161821872707852914201523213628887
1730261228012782873025070338904801966013071552748122118773968011448459243955523149262479489318812169980764990578113441115156569814478474458619703355251
827007343557680212562815319686347865379884399766800066545638159696539332123810595914665537312789904555205000506426124885997767568420833019241695809711
1122391401892103403657583090957208151954791834478121680684200790058613940173693074912418506226987297735430968582274680222761345827948675387836499566521
2164635355726673566640235680944060636502429431530496046104125821704754320768638947949163660883001326116608136089962002974006780749348901067360769243449
2665362974510272641539510005241091039855899922296904178248682029696740709043363772510885755861752885215013378122346493421954137308809375364960349172433
343822117772268315783048066823868166235390865363875036846126472984408982192856118658710779711195613708377368699087922071040997723702368035783094719698
942918055204084468103673151943369904388648304952250039876993033709134224931520587752601783087557258679554655638461167704149811318894894035434215281106
647688526692181013230657744160573420447376723094251153292469503755245871064521831578175340944482753521099297537805895337786492510790495893768971067210
2928969867742589835727452486362999516219338959971818515328596715763520875417060898310383170683121438623135428644079648903773535166537942517199886297976
2332584446714115333231083820285287785863064154675940999226401495611206372000341347134527864193147069619225688048960273588630202088435131262771498513139
2132489328949447553027032071751645226146443675061338291529283086813398754847902819555388427834950201028786184518659548777096844600838893034592008570760
3144531010175213852559317057474394040504530232339849696853489018991337002894181761173968370002517284323187655739725151986598901333048460874143897450493
1682708884066865297291781629744768806972223111172070493560314913296869051100143932067769670563866533245635706809332014193964205396173440816970589109133
3133919094648440173332216766320089952725361893471747568908106561836400523067150777821913910846095405118980340342348843955237284250923038903702712999620
1521233360388055148991047651568103272892696010653310363808559457193660317040066350136382241443878597069499226944472137620831721453428418583224111087862
2091895110475326548147645941288292481763606835575309081873761549367049072073269137125954659561079654275744705352604935678019021852221358914916052161852
650200764142973181128840903811022599675013483141685683466435863198816330817914924842673797786571468549671957910604864584346526374879442419135468891226
1779131350701973636756885360371968243694688332793674834699067130349980926534175523940706312207891958966694344303581670157978584347904875087697824895756
1106442951344109802307560912441180357410540623725405357581242697495911881510833893880953644151550645775326936020081546122882036951741084514282025137256
2928029642319762859321934151481709329733127010520039257462067007127291673708400870453128295790630580006239939332504547581320610885672586425713180557738
2269034712317660808138770013324439435986524883603753042929305760916228316976995571286466093526727254033090058356481419843857629221353837173098917619439
1492149624708112585654800759559143093320234212855068707967049788736266135362756545297449731947050862388136259525404348214005070923148407627776254839945
1905843909230667744010061737539651278137300096097088040639604350066930590054212505303628165799027130930635888798210580943075507113454398720270373953148
1449438462039429290661123506616064001462342205875915574107261032987616574201878111872790773534662036165807572537186085603486026077343420617598249814680
3191019435376030227050569174348138735892075034841510304994379687895912462365031247428717634117282319681023396836696816781601426770457084328711216359035
1146914823969711290375669510391107625420421337821833493856868952199905203674910632207560655976867405245746736441543587508573370993890207954462035516313
2181084975840530220129064508069691095127303618727514512447044003441681005357367576140562774096114946674648354836007505401753325250769254588670114274865
2783477243314654574309006224086533441105942194403717847777842187789726248357516578606374697833854181120275946712395328246193598179384605510756091944913
600173349649982562590820027703499183932836023451966892876431015658365363334538198958614688442483124828159423202462420334064884828134607110046927305439
614783552793180120232782839767400879147484473802830190904470291159947609025700254068172767088994354319643856620429201835728735023429961823972179805022
1263694451990750249498885677005490739570519062424492027835797060172612306595693156352941107817848096699111123760826339012591219841548875116476335528268
262538455971240371057924392194847922174864525006629760019442664995047658366307230989444706222989569037701478716495241215811494782826410412683253353067
1516602845499033793162872112416095495295996186368333714062869794643464045672980763614182304561464804520516370946848653522140918976287933181738483382923
2195613235757474098284545375912798405392030546255120993997535173664071390194959079873682699748128693887226114178421248532664846797264933680872874317481
514992779413613071072648430269976649612403596568630580428414724306066603453231022243883499133948672060916887186763580351369472036385872044166091570405
984486489657031129275563992997248602467834703492930714896200124859379320116248599183024667180167449102333578729449434536441522144465611428359914148909
2856179748454620560184356844996586997954374788655151888701228330064304279231893816771054666092239381173697864139838845509054711175356156764384778275719
2249138262112383109277318185633932122153737778743806043710069352769149802720074870902089227759880316268516011767883539243189318958415576949227972660887
2429244396089502701379022874399446539396182027816729100649877588535026226722127140739532465420085586642213649047970692221959916093132785033486887935131
2384243380451063465545308428999898307055919953340531641451886012731858775162657390230436247583560757745360826495923840680290746752252170417760751141429
907388754389779895518893941594763588429918413254911992746921369890079946309779861925995632844262036045092711005274910014879966443714047020258489716858
1809099430192541950799566490757098206760596135011789259184243731503880234508091451644575428064279449762222452611618575486607533092352809129551451708639
604540559378387786064009946145426222075661629672669060589290448992061184870198315830150508614080037662666711595858123368214671619548740744644231727951
3117358400031772884941076280120382530079914187782689338008791220137514877099546342523604971416766624497140900451959978008661363169431175874669870272908
1231431708756169822610249935912702990710279071784124460615960800287022882872018910730253944747156848240056576515993728439879796760409439606494718710242
961390983817473831646753107371859203205693761320571276142224576809682942302352996992893173358033927376581393714310027657768594383493354945682453267473
2014651101782458150538750622322971619908280088584039605951991890318117433696645656239629879547046371099214804289060531300160024906306231758155253420775
2707073610330271662461818399680157478050677532212964889774846883056465534299495766731515507379931966785646282600865826564309711474200376112400519588754
611575607668174955847976864345045730627016548093231818018647201214273684585393566364767420982416199436415612051720843232587467470979393721252943306589
502133825650732067250855384670540714906765847411335067142308424393236854482394108214141451899119601569582693975226933977360624538221916294289529619194
790950103645304646235124476942252388876516083739130101432424414781818806035176089158435084619677179607231915796280290729753543289722312586338126468145
1375016455275905266227221377787870098894300277332728927586004827882105936214885648875438718205870634464917262560265219935611806809668502849659936249678
2088012013788749700560865176569115844519471644767151242207634590107897600058128751394515343432270847496763596612713067302933603956808919983232729748100
3108361107399538201798003267383797233976053228261825266292692370795183289893546616196070844485552041952310536545681037146202067809318265524155755415588
811696046305938830175423164064406641411169048059874286082250850042224950859630609005384476788574778833522868181891332410063560751601501921649237799731
3165244103180798143239618513225611645888733636658047351004984904037513684688640876974336300069007416462809541119543016545113648517244304408394495767829
1103648700224334427297304855228268387160923767695136096386206502599066737061746426955709849861088381378875993067818019955474281103297522256132142615852
1706998169324102641828978841726074700051165834488608409637974319774930504744214794377745463558254667885387925908035907120104607001646796487224903680213
731492558865542813109857258951120604213366072004455277835347937452536906506382385856458530166825361794257348797769749688763319958265285299393947347440
150775681223344939254830958538904467258724652069866919100469929170008863407379377780143929666697295551262301062386418810327018533590808273772184051705
3108807121983251124554746413711894446563178790183331501721751457575524868207914300703381426369058337370844063255506358250182176101397494663173720813114
2575215511407039356042478313529636353540108127498316610986825039783985117974362349178017834925733556135057483458265209469534992965750380365147970012853
1852495572992346785550369980814622134443094184606743374226422706502036497614633086334477304515151627002170127838620767771617851162802843235814261275213
827761681278173921014049893164738053948335471091681675530629722767468712988058272469518933611228885253222345655827529547670408476483332219996472996677
1891770281649048051990888339360847427766082537422638069041836466435982359135910624023551243434628348535241045885612515471045654166193285420503605059977
1057035363481821431050198584529772340658621101621106447603457365589595567496203981986199893537747388029369063900741969867002705284073323397386513076388
2534506342269951764527878974164004213197991673268082510114657390966106962871997834450759924467598776092513690720074760604728764411008903780487388434019
2846993113588606931593212572029167043598325356044698315200919003912539142004860546608575652797739627572248775928569910063732434102299206032539822709935
1202665088588383911821522128036074511650108043981800446479551110820469675294893930615856147548703287271259503289559250995631973440128976582171681895272
1814370056345158431383221213360437895182227936603591514706450693137260616747515813871849292049099263910089105567635490595413458532342023751736671921992
2375664878105209916239959065385372614221519407928971881483165181571276809277899942995982685875711717732219275429974251909700180532451192403048013259994
1373140224528665972653481010229520941243439475098096423348145703033612295803450658335461110255846443657111071942802898671504601291279420291218692631160
1008717277989578437834500144249654474851708630110090747215746597405252094065405461147165439625216644569067891025114444472458743164501069453812268369274
1864452030827450976929126872611325569248668579819167294714653799920305605148002059322754668659905742852750917035937852773941706645681987218243497103188
1746822389158842405872428479944598303662414998550364611919145086262827142358309661479964403944315853944971700105854078079638706795866888140128998399579
2534672014131915414674760458057126246262319273923316421609824960232908732370648715456941955297703375232880365753993204305386094544875513604313329208559
948334588450069326368768980269958458352943504570419543500228625496198601034417792490290500991148774719933382197130624346891746632099668782016546994688
2894021172907326435556642327754584380881398232870426399953953055289825509738323379602298369279035609365311952366716026794132560105272580617502228434812
114394797358486849165479411512207130438719620708654133029290801113907546728405962774937922388192805130930139683671009238783579143601037575132115058241
1057696234008967763154945258264649067157632679565787822690544292984067595081507159930899593471745619748368234112330538101566076611884634961534747970393
1176774169853371557785366668018174248438892847714390688719023997378921899909045107054363058211459266595598611957610510259132070290436607836749645417906
3087534337742902780551788454070368606271469172176237576810487664570980589671079754155206994853633590228139448136315444144273725268477973858152038053955
305068147968714918974369445766179153029044860880570129218963208877147459122865053667599829338140200512374123343376711187734351786110374372069098077467
363758443315888893211334870050449862257697050029621784080771500150669459770795603917831230051893012583415099441042865389668680666218393861212329351705
2991292451135664353768808086572004123134842886421916502835463145328408204447096325327862925307269665503135731382055124737141807159224736066210982468012
877000893440133869470578627305855662252515963427577219896682640181740203741697688453284708390484707230760038624430312523769327940948787438013335798087
315882425931624882160056500642745525284843272121061675236490526004391436716022277179106761501721869714417883182004406932859158011335768643342365128264
2226827084668397194278071531670041056858458155084850951041182758770398875470586648541074911569577797021343579983797072409688247370254438294530001083588
1179825092826367735958559621443705772322248518045747182163345941893768550985360489853262376648975754503144940357205710714861261545462813960213534894903
1795119320605244665567119923314140812789454491735799685254053795945100273354886298334994104339360186710795925367698081940319723736209839043514464723759
2612394738027733632701773655219333023542363404880894628854790861734042782715559387846297608488814281019113917908770427612814323747845212900503676214512
1694345487789164240658921686985872599802873860906859660450480670687410709870408706645260200298540423079229772979749708365770730136865371155834630492501
1491413420684201469051230941964857194474336326803921532194302539254300459953189019846179586215113478173139715448299377305740331632064171526368314442409
2471931622701256528912147253347276617211112259078676890153957572628411343567292884366487308221490850239326822283588586825311812814137939193682217144592
406069941226109146213438051001284204521603900776344083703699939297237988446408553125768006861370345507272897308121773184974053659204989975100773198201
1604723673319144330903406218856487404102941156324950654239693713177524005264410988363641420484035956839742615096361998290505972542489777985938778307556
1466776174420397141132898681195885746574359587092575095179991804394597634611237553377350848367818631923041482248663777227272423150641520811888121834769
1711087428816465250970137132444395614246929946363530932230109650395075445780180551032263629270257176810952264366884408415143153700201312309447846096224
1440439494331042432618438422077169794628349828888933191445875948684836356633249882507223717327205695549461748569067521890351116969055967859709502995170
1614567541898490959913360988235812253470747017179257733870547126536841891315371317955751524919099529828192534771060738176665650293103425905534120486938
2134894440459973520281610667108511916475244047998326175094354854282175706736967248776533364993469051874925019644705449113143537670057838982984974918728
1341969916961381297072591090705331066747107890346213004331408813606190216349729696371051265503565843617203270368493387788409889445826788343500390110803
765401123076791441366111597702011968879376993861817814311799489862731839128409298424625137437280571766849633375932501988171893130494926090270963046972
2080297050243902268437812667113010939930281009504541408123702255247298000753251583919722737197426903935060251596031897880000223523431104417165271244785
473158686992391403879088642099089231238562527831592407562122884464371583099857677153154803794721797532643840472466453287861902326070914513803460812497
1124723864871087995626679935412349407507173397509056206737883577939791712134377427970057182297287006774016159000555734600498345217722874910526169794034
1125569703860017509938654847625839828092850502274342365786955532495238295852932365129154729660172271054763578557187231615040687114939203347962480443813
1305952689294658563409099255989888231311904397396244816380328070791032643371505738826195395149262676707529094371124412510583890743928094956997973961294
2998243593754710555584986225746900648468679578888979490384310385490836553142214684535579425173689880399301158717995099497724338541384961252209989589466
2213659265878388564359163796718149521623363538094220653323371130391712204722917170839897770948864629682411206267399143213283112685740640163944370394658
1850968298181192545576295565516385264523104543874872630246585621353669074078817411358138673959551616522747114252623714779458564368458764409938152097514
1027718830252631840185231044142977980204377760456395579924430703433363082772626924146391508320659592695039269470206440592136269162303336883200909513579
3025579042242031607217132870628708885359688016255673789478323600869782772292986162699351907690868881372632827070825478586202961323787044376142735487002
2363772140846046963844609751073877692315139865766327288192629240411374528287195413952694486470985679980250940227643416278031457894805022841521679691868
712818111037797737239404851842580233280771105544002777199335666383984831138940249095409550770447472875557413076264873345396845864715449213090029905074
1473107954454711414291023744399409119304203801937603430549338666305677127263293519885034185045466284252622212946656309748610650694041106255333011029511
705941017969361871909680387067183172968698500931287086994985803730635595845113457604475696519874138499401166812010209624646021623490948948316128075080
1142200803708048870970643860484367978320433630665938937921619609826434346354508454711115530044170940460447347620705783443126871430024603218035229752367
2215754446941799564776065757018959699204498900318140609167538976847329603722169640208111046215911879325132100150024878786987334182092740593876365982949
757889096340697959676472399293706618128307109824425847232653160055679413156682825187115699082307912789888361373649797049369167245520395991789201124192
538653233219683450357417307689095638609713760548458307690279866840660496382085955278576369767189777774061549206277752518893285475750847150989437224356
1328890631502467603450320912269659608319532647235635328428459561522674881569779687742366614871155721248595517183918114102695016539140273827791371507168
2063664331336261992445037582631026054609166106511740831969679540185503513738163377667903013727618161612663002086276058790932025256193129139478433585104
1839347022223087012832536249510711567952173768354465030261482840761654957622053510585977348312902204288323856087315407410087304080009018384165360916381
2555287190662008323521878325454738959689470965591422471259648415536795206169891219363892602805126414646209493326089392864417633609215698198420944289531
1003350301910589077182239118416651194967972396779884218113537329513572318665542405317967077315698985838132887899565461824876974965692327322789401435331
1245411805755177114524532515448986449438675799075484467412375040122440436966854621099338200194764716615600159589882715382097801224069699909235651800211
1319147512554617780401062252220259752686220424380548275444517735284251184880361026918534984590569683321530565205493184957162153547748496092913049308765
1006786871416652663701146303517659979855040466550835798136126130091149484092980214329125602700900877570198001815814701462854455100386353602154227514131
2504724429884998566882053466641688559469535555812352020447473549360659599941871492583888468336931900004327578653863100370301583984990259212363538977061
650834141609641209034598592678600627586763189961018134975893486159025866015258935555270101460479522363996446462000701625045375548509506684724207037335
858408578890410471326416673793671569978755871627947424836871743044549504626345645570838484188728834302286870607023852923149425263818743473139397958398
3119673729891432326683653779187323327657683667168377080832100960592392805172020325690994519159644816565760192388650564928935384004604316606464752104290
3243793448008145603576104070699781277874021669398909562872991958469719674792503591299124732135494561936910505400590970593358405903817063331656056379544
2135425646646459963397932504693594785312359171052852072735549201384175417508612660739203510740276985785805488484928412902477849318796303314414015794434
1152584178127880152542192748101041766916729363991250422593707109229346156273123671874069293545777792085659681699443105794271531916052036905795181141943
2998034222486739087173372358484215463893154456236782387974495630272278185086321200677587446953319242330973262553703284870105008906548067700376192913372
234561534853692304241870259995509726209117698060358107805513816844920852869490618099055949072082734936031159527001542258442427558441667830857591618211
1231129648977429975052491345838830137236657735768952542014954383499267123447798593746182872339533657451729385832788640969412794664354840029676680123529
443101243486009790258531491920967537091288181785017456560653344321895548893188364912798502163588436377030751820360733542165521368080425381086380438852
1765865199416117003786798525532284719083921730964401319264671736992754970365731225211534085635625776764340335161878278380854320716646311894923674237753
1193558732120856071781494515910865498796300416859744394869269341936014612193155047248776349365282150289880098034420421419310647336978113512039196603547
1388306461873392247637962416833772100250051931508087726976180864916649323420020378176486040705742100103703109049365830675924385262624703495646181331314
770212184828006167904561975605076188619357879521669920897976391374923193951339383860889586178260597569175975437123335698144131476147749860030537267871
1362852036390422556228540155043561022356626201641363370924809530812805559867550442328054980559998077600319398884468642564965260682864690275002535729758
2339998450606953775117233897531182890311095988334689941058441426634989785951626383593572469204003141100574532830631355696223046078014270548577531666032
502977559416152354406953104011245048053253822898842770912557707495823670136638444411661091080823429336176945445438883321372216026631306764802492320084
2084969753615376421218769895443692827441145092065931560664409780011713264627523033646570853411009725334616662378880775083776328812730492988534467234484
1359013233012866884469576251262892462179730463804542425621296985681845828366160047485305281948643943210381505880661284832321175476617161819747700960760
1204711686430963464703879251226447568748702144266449735887639868698657419921825355288053752071728671878366797345292310014675581513087492427775363991827
2041830217837187279067837974971976167188855182199006468368412188767156763367017472954797017432390458594373431833606926909332118805762933991569792621543
1421411708542797155302447306286912648391425155417077804690714831185798891654121237357140683862890913122459775246161241413518651131987639855180238891382
3154098936104341636841430765237876251521888707824437818975807075825360404608651162197362622924116857492853269560859947344348016462372289873684883056869
774469434622643340909900424143060926444868836966375902250670367099716563917211467206875367270599465628789342489492804264857213253032005053587477615049
726621409898858794626698182771075705442247420288059254214233008301910205273338510323494063291099588668881442333312576180570698017939918495453615937751
1880986333803911593670691976494094344596748358607956192416342355652115518382573739861031891124068168844505372727556937928103380308946234167118277815270
1521039638674971453162700920809217259684152909598761807259642167221495897261035496991039060014175563961240043697326235590351255215506315859506135792047
97130317529078107729280940201219711523957599315494089596289502567666178537147120265867535224595504721031194687310334232317025584431158833248172804102
2224251861310254398909562052407486373502532690944804476270592863190038058720775503855092126989930328332569775920360443265880154109362918243067374051200
992991198795023957697913397679005343356938908635871291724325571421895349105795790518027583545278676967021725762209580624793322403342840745612120531772
1229748965623354608995983177155565698052186612285188994493202012267871177023663724762377914490673756648028117393188737244887660442812635158041431721508
2954633400998275068202527748565172740919610442066549397300756117645762218414079621961061148159265062343235297112250764297211074862939783480393408125319
2638562941679258929723592873064435798998804759216301220006134933359634520408923036047319327629094244726393394520259047896899826870663693673302535480045
270002599223687880547100318136203298347017192782263288012519634833902477243622255794251184592635785023810629100118770640901465764609352263132745748166
1080397809040768750318863186317659604181305536135236689462182373973819999791867132046210652940892483290600264536474233502489110821667953283259597327932
546215112237173892717572599691217443249795185514453124525898658787720205640830588862942132087883685887552800136517039594927815108259805822230832842625
2459490416367897967527036323864124811006469414990913759199293964506656254102229134710296093909306239095301305422498906842485054192724976107216841890079
2112313464906225957073156545025501671604728938368237256435752738631708414511146029080950015065141616427796001670878185670475424802985939622671229797421
403612041315373554324151482007806353037959093034128071268020738887061029501575189255685494130875048302236206830144985484594517654984311493417474614747
3262621232676629580266293288101364041150545314641365450436704872949524639263853260906763117850213536330366787227779417816038039148482864368423133047585
832156527859483065287182396993615643458319834140944780912294921033198061496366659677711653129459483791602198157429546322312050126937641891110778356726
574407240876227491296636487266238807972709559116114446787359742740437756419578195191236253770325289517006972789069370451668650500319905025716358723125
677571614744220604142542847131341868529400587318115581554344627705727182221049235400388942191040794071816999668400439264345114355839624587190914412421
2099272719291120580189040317245865020465436945179079262182262046208270910667246461788534547234375149419309391150528781482683738531914413945202613352005
313615236833923384512609594866413677866110277906038606479527738245970306655536584516971101841707009740924658942819014573915555565171833123888510735009
1191248342047685875021487511988682740542262022564203396705776550643344883991798295817210164884577073891639295055521370522417742109568441530224588558033
2244774332034457837584373833079627958404273390680422357162214036868136038366661000500235044349331167187736517399509633405947199974021331873297266528720
155573562295544449686865737112267630987001170313833401615951459830773619848542855423539486809130125098805901374816229724577585183008232259358801678665
2941032388496108027951381922405447406796268703767912319371777617030635126920812473431505246280694900287558321734674460201941834756552846042565314078008
1497826811185480519746410346436736660920851389581777766011691504069680295967579028464761086693480110242092963226044242357427185856144856836904254330217
2521673246121918936389731942005761231846916372728793881078216886525178543663479585021619416742961185706990918856255778022961580096544236859469206987007
1039310008148545369562817563808078238433489337556787701260150516247488549739355562759033644428801326785846983334999558691874102140380095237514182751332
2136749930506192743210680518568838690231452109362608113218143593038177520578756465769226320115600746909718872263968010513269551884634825082922026837899
263951722844655705290999447077407494471420011402454978383158386258454802847957873746507148793606088775543106560943557918655681986928721226554827899677
1817239837160657000308372506451654851223086951647569770123546528167299561646031381984729035700540327539365102670813010322734635029826932408788694179737
2504481350099585487094091900657847877812306192180660312589104404022599941367414918314781858011078648657807759068602457030203323909433444353598393671930
3136792857638716007907483524013895965478421024382979020001925328944597458404897729530749086681902260442583251097742627921151685881506311212195411735564
1978967836393250263300014505395600154770027559770905182017258092301486300161094984689598977187205441440153154099236884090996092181918002628544590978320
2671098073159846725133333602491714141043865120328401817112442573315960054742003724375020335817548081405342330640984939148187929119744036883118089231263
1902330740056623451181500283426247311521978186232825728905336908490956964072947424066054588914504598208949757154474838180603711066529302867135304671747
1385335823835062907234697482169512471376099313760170479355463774674090800894164111831000056075622864696623131037286163042717264737737986682634707002953
668024984272227442797485624328951372354587765204789846836360888021398017137671352129165022487780211021210899620401233935331272929356559793244527345367
373496671631222698229188034620896609349750096884836819112704099171686479589030557284531983074991252555732370543255429620992053824872887731226781788553
2269423134411248717941891016372934047532092843560234637049765949356511223425430241280424185351812610365179025415295993148496398331667327168162715268630
1268854457502148876116616500250493617548985761492634946355766967088475936196936424606826967067512335238127084341510877899939741242760213725862984708511
1419012308081225653719844529965906706740496801539892032564121380457711725666588109031641511093560335434674708566578116688424728339565176493695084868078
2276301473223989158038057045475830934280589298875698713227721033958359414901325360511058718795679917688875079368265005837428024282887077970444818906667
671559650018186000168053632287089944620993881205993307419039531015752116888880626723441708704938782859253745529027898311743839836674845806804094112029
34408712595294684549622893247864262739140603689371275305222707203558715305390578691837148996802687547885112204325460164903169584116300687743411378424
1480102098000942161640016621898533683047786035712800283111572184925287369583824940795407750161438838602762712560873672216781085680400765234642452448337
1150832076520037691383304872023947164457997326143040497048971555512097516738068150842900803707396588499894178483807857950494253693721501275546412890907
1225539307394010981953369280550531720557325215657123544242045173250475889702937988166680214869839508132914179130389205580330014647579544228420724322148
1140532678207394866340649723216512451698566976112157999484631666432247475837736548849060202618297955014122129325896284357180963406328615341841190767685
580166408376213074891814017342025622162624960310860665825572974130395219019376454464053757694931069071670695296959960829292541831458966111905150684377
504223757411480104784588695644361442004291005138191557184596188995509671381197249487390993885993918076170473282928125582141080928124847741006346206518
59983785097196814025631767571915537672690276210892499747246095424031709347516820999571329050836670687524565318294158807824956998230700259965921829975
395707073295262087400918967792911414276409789722249342823473088647416538611327682888653213231862289005442210510926145335965168029729741526427771842895
1757671675574972182629160856085304813404312637681234756314906366762222380122106338449357156963660736674624156863215250428126373685041636228208536196713
130043824272482554276429280350057798680424259929465965313267891063788030849549280836465649099061210044951605797820890164754738394140580110488231804649
986809108671531411478056339929557403138124966894088391650528876429865928059067654138305790587619301561523208377813389517222942949799313370271988362627
23057781041293939069638850758058460514214885562490371466372104281660991236879617123533174428489490978699618323041304527021508822141317004144577051829
228721052675185615561189537869477596692271592868260370448423848595635268275973080742419452851194320346338692233490678533373934524159015249086583664216
2637742999772358088961532636046757592007365241934311654182295899969516265509725678746049948408911213833384936616608785647107023585303295448979583645879
2105403049041665507945821090051772839206639628597894691947735911363186265588388100459231690599464100776074822928029068386887508921627461520826531795943
2130545532377122294128133984884078958126797019548919639122903654486494309327019782024077176727381667951291366733669261342327444498992337410343240551926
122368160114745402119467572064835162788458453791964511558760983255917536266956090493892051628695464465859755304986246442981612671507693604330114469831
1216204927463935898565038860609716503911973761566034444461067121484920215690980574705178624207187644700638397753997903116644646885546857992079861045408
1194422130090190665207527363781359376651503983538616732803723398883708082007894724689612890426869719094546176183387882562697813748145601495242238310250
1604749842035844036788895311550013491151241476749165048320754778130585649153007823433169703666528066118020480462928005583080793032422447226132214382196
740402167148623279333277711845687558431136795374783678888185313036754212556706386969354434059313761107576093769837160954756168072326265403889258634770
2899427480482159469560120669781283929460984818744902923537657018290097982889001880527621590381858972821773121901990551629145903623517986023477304161817
2041260190804748914272375835202371987342984108181178923448009387292005207112671172124826930050364100182646908279609341231461597508619830822975317852249
1077251004101409570150187464509719922964495090139200668709028020661608301575810357949657118826391281241147571110061768895747439168283721062904307847955
1035872873325184235512756678347026343906364628906639344218207498121426229648640969736576441794983420058900818320943087755538815942239772682115760909993
750887857969837542594313647632214430418078932286012032255391310063012617689687057228322334557261058598577539596839230413420277416520322172296201607758
2621241931463720526705820275161159871786080774394013074871907582422036332427290363972878031928196107855365944922712313062924248924979847493205429632379
1905375418810329248747977244362133853325797193447701925247054209219625383862880675033993892907542612011353681575285868191621975885531983030626312868743
2572194723131439290112192445936347022855013459109072420789291966406049524620717188361355465626186283564259541243897170450169627264749802284457012975752
2084922415458555473640254394627742101736741327617413287292344855224384899254960694575303632871526324821083595464798713339687586891243807514976190855969
2997677170792703656023973391127816978974325750666799366931745067437181984779639820899798443852423732523937477419695751504172048216712166222441254045009
882336201259275645139081921345176095087970848107981151235085387781267889547935867622848416024244762137948963705050509557487571859425085289281462726813
2053686063814960399484233611395587298987054795776689734143606466290634415518898264456002988662148095448416325833080446510670651401118197874769454104194
1182231793465241132866485515812277075182973685637859564216759242897974531144178074248691439242164510469873157657475561566284983597934540932284329986423
2047292048165652205718247866842320361544710753705490916915943133138665046091714109406876638003304273711959196002915064431456359172361526625496814223414
806011151469115245179335083316784812608215586899861807968949584128996798266538769592876978570300940933880354595738074353467625680872628818058112245142
198940187777917948393050830854400437388158799946224722677895535126764099802821229834688112165726425763197056348115773197337837132135103307709990968205
2993599592201889242939167511839116964857898305665492298490129689937941570248943652882671569345362058334996840608149825403629914715971314706805175911281
794119027111949849244611792858949323022291074245821504807203033715376075001559526132343670851218330959133886826644409419452741330314618734625846871997
3204655344693491706570355960758856501819134865969671092500173814213935579719547637136584019650450978468259956617640494213973848080581311614158406671096
2692191110388974201151184920399262998549729760198207856908708831652968527428069116700651708939199620669891530637539470174006554554263681377161598283386
1880794887665372384316836733136898987214039845122292255217864875194133328859471848666850115589762748730401495608622587344935710852383956475359207433868
925957740923678479048837377814784988911323336772756317396432899393634017544578975333990247557438706230671796717290394348163108106503278504979330272338
962486671529787567200854380203024523952505837825751669507253039420114183389186002884339384741809330802683091047977343678788111584131991264643850330024
1560139143728148477099937055962789225037015841762748791582024223485535839104851442741336217975417473342853818290941226780619973578446897869004571088795
14113161119409591634748831228636033993895102678259708787905942889406643580315357094361444407161465950182933838426428225638376185325970555635364364940
1497809918502848176629895570449357873383752512789358889036542856730807293779586953781175297851582580063371885625080291592979704688629789117052174302105
135831128834160171028764659439501984917377518321236031401321396991731774643333366383923243865624458393973593976031571378761061520798588713281444892629
158663004308134646977912069024143905571868165570783478258679601375540672995682045730640285194170481084567961373850652895798114567795986213580413689081
2389762889877340675161840665904645583461801939232696709855365014576366315590485571565787174898785539058064616290260119505136049451482810265236998191021
2273624366864614458950339233881537904725250306678477748570831536176925528240415812439337024345424779422645469113565509022579466792956669705592760957426
2793329290273401237124539137101975899783644609528478230770772272953980742798242833300149766663937344108865469656726700406976726328192837660203294947331
2107139921876597361687888622584599749607786248677548714039277349318882361122160434971749518227023973713524379815115968758579014321602693072940369393371
751924487985838522291433186368908131652876692035550182278651614847118742530019395537230380306761691459716184401312875077626005075219390308099020360070
2952443211549415828974696285944470892222970158656200444182065411958904176508411141169234881918325188768974561800378570433685035219151531702918374317414
576223449186364465346832469022034711441516836308569606037054686937472625579984582964395429995139083351184277816629366805655907820171181730555590190557
3071084434677001752481538383283955628944335252717078082229577800308854461293693922949885535179572724623295738557695550354301954286248421678388175121835
2508301979379123722270537564695182958023415565292363131707323610416810779385902021623620456654879248938383358571224805340388887231505716042721464437047
1054612464668185331185940139244538943168058200647961470970664597315280269792285469005701289792765700634660108240085551730108613740144258971160609074084
2508251993577576834483613013701456713731610403062219520522154828888689466311827689291600811044644056351124392773963381792765574407349040297585991483250
47523959463589035260924518386082372756876346579267237515841251764012557164330072286907978902532152208815486497546387233512569471615310397796616114187
1444138860104343478251115087566647301610356842348875705571304190471305002668075921437322648728773992259629207917992670813016407108431112286230463400784
1264696859622063333201184919282517879344129852510545714920396692877088427217978894056988908026734022639440312801481056248332328376853016536973743374801
1410413441058929204496528187437618784964816041215146420123506523161875802218122308762637747024603153788484606911027040789177821680142704749886563554386
1842175451397977260460923172417430667620581226505259474730092350032367003527505376781712080762908072799693510010191255986446927368120375293005629881135
2476644309558503787941949498232839965916459833075141856190703680370541873701637554528696156563829449970272415629538073392629115564593579276358756645506
1411903890997699923064124723290671327268023114023044739897150668255713426361089189496571943850392807352036163711979675724884318583759271313527663178953
835099566448925570919371785744094508225838292868703227506481482656124635476361694929946059789468972692564363388493198368442561150949781533840858199677
1426852414083372411867444074658883035206205426090921478294859175120856060376826507689018768452302295677614318744249219247263400458277703338824833336789
2323025914398290561401635024783389533333285841097714824411307208908128290706724515006147947216423124344100034914841056090200467070816501899444331958376
1302826864055301607921666267701337150637880204573438400323150082651317609979196801323958166717341424623565105920222771741292134544925189127935878099735
3136896262108446737477732892257140227612942221828719451683085703154115164392858695753027478418240154746590557765093711670467028174323123714136159576768
236389507656229538867321039128132750904267074206001385120117795948082224490036657786761280446257993105552574280181705161661933569068578174422972208298
1384907353056370194525389442789268218003645870400959620906774441130079726569177138663605549446936089295414484202899468243032503585619566069686255968914
3081566641030554892898998979850579681939618028049074731193970736463733038486353243320696463332511197649860564629967723543175006218804719472686451203798
1425538220450020706532993975797635066143724452768359636071136054963047377799100091487209428512194823717899770915544312404870255117723933182069183058825
2550330772582988888957197531739237840980435668699549182037380090292313154567365178117575810992213451827330209699809923996748650224590659639720170347566
2063562632239182641976943138266326010833259146562283650241610323341312210538472208428044771034313232636079640918800346701189269619781276046117788726563
176948917881959977791218656762566273412003996779631744784132611672637182820771266160081089961885569915998462895167679772532332613510901140126084765693
1891196897504484581773132149360939141459786341591610522533962119428490869294606978681709013441809286097444973918525268690826291093863152778041091684636
3142346353721046293548364007408232599108869651438919687284885137531269981606478052164424738959798033199130743113499486532635660566834522941777399884486
1113366618807276238803657399368626800234818282152913805108502452835431132653050149914136706890826987931645645560043059070123101735741108613418273213009
2487983619682476643227397367798002690718944686909764692294829815507076108109676310513922369896485134571515057451059773254452487939353830191231445466638
2452647695224092097663380783792400427375924668978790653720884579993664008601468935567417654059125594657873045316243146605998745772152384357799485965520
2543280698387445298916492926079229223421787169143193434116988787799002448448022546403023129307567205150806528557862169963354045827541207170560987205465
266894884812572681013537592727020697957891702168626977273960644470487317424178201507546750947790941882111010420493303505733106259098571916089021097874
1610841083731719017205371205586725704319627236823869338280409475721118635258507513557293297806047419566710070465800539016700217724872666199556666319757
2259879782877208258585271394859408041309402575807902877898241152460118838729666425053230768947747366313648095434301326186835183620618881667971671965058
1834705233248339085251549608745995229045007121253795747794627918624987494800353670340654376031629212697176559850148040286943819338876589650785144814198
411050696244992542810460988956484055342759175108367958408590593527955442174430756306433089870181221213369607980651263283756628157399511707381842688443
777143688497827431024165677602151767058447915872172127101427323819460239496974320229437470870255593223661537191602770931411307672416352130264715219033
2646825676740081021548705334294388849689312710831043529585797283368814452263764969987014437501046071532265451425020995192753771975220589155355442131093
2561212903576672216227044448977250926108118317703372945807331564480364308263219573359407719452456521094166632182562315494497613731594218856797050425848
523565477960428314741776922391579261710952279506665191900697195913248216341083853333599412116924608438549794677949872037232070075037591508544154469902
2833355086085250649129437865820388343506813191372222137918482283553427134803509083054327974679485866771920362753090927771163868536960367483355600079505
1091505313976420391682734300888347021505051213929067138132408603096657009806433739810594633670415706350059708823866407012946542453806055114980523126607
556276132711574251380414954752851607696242822501146033585975966210339220504160070280342667994345986258712831644368233291336333710878250204585734235821
1826486251712282600009943563744300755945202183967802800693811190575202374284003816868724534288387124049365807831248977493691986645162751835298936777366
542041034861386132800161660616298551272511191312567925568328829306661401378205256968064864314484779068978579925876969973864266958867756602831198504890
1082909325342350600952585463305146180221399197857709008592945070116793297506445118742865022284448575546455007330916728471219340777670595060918796674203
1764420878655470922431188276161384187544830554803463907070098836440708938985351339010378063951882095740540844614537145347846712829350287322298406149426
2634090580568546206512340570265123823462784252130070035233529897692991120165402164501866952707453080579586922807173883201171146134780223500330969773083
735479155202528655584669867102615305463325210077976487741531173376010673152226006132810076577118766743243720227524252163922299968611669642438283991592
1230780323443283706793075816098041178302817595305608369444209514212045798746222564482597056369006534429300017178387351087976154808914398378926220252398
2257649197311940925223154453330339819530577545382950017719872046382509082722372357468657665447488223509560915131586373511772577613598013941352942338714
2223302703698696342270927864719342385988214394315722688696046467964238933207063208682528681501751140108006913236977154688594174357869505691818609467491
969717069116872122275969326421616201907087058460653066316497101775337359067022632246045083572007788631960536680217392084524369150274388995366179160926
2866863790714050774686416470683731113041305947219319211131453749775650706265137017467953852995363706075591959576055926946215444775721366411790782404838
941974082720832641233729735351358537991670811162946613304709477500874902377619232922217689166285763347797895818764743821916883134271855663331179973476
1562910749195381497312726056586842283891416964584336365291298204449721929314890972410965766806218120833048886421097892710736245759928738042263174073947
376621607558078940644983988372459639399631016342326384614849019281272369723298599076748807485046037538463517452735969215836418468180524953268960179424
3034275571747386354044755576750258657437889696734747699681226037344788005848934158169777075266525610925966454462655349495605125547660034799006236546137
2241141955471118504067558116848792404858622631700263931571282181039001516465676663187413849210041776134749881337275097952902609194338827008742601047959
3003136373419121134502674928306176714782377524886025100897445085764111505099495228958613980760128172188540552246096850527467419397173875529542262431453
1983848682678524813213880883503897711805138295024626302356790262057700942582249296976748861246060922985805212752559475645865006862953118773071638237023
748411424045253927955965224128984629764872468823776698343659734065143234646402025460441928947164743741800173573350649012608440450685209667052379057587
1393782486667443252093338739766819291367560907116359145440265301273024187436543452245815338404322770699898895776350419682890120117540360741194272892300
2893597327121682766141767438313175406947205563600541326724894769896823641011738489356282912759211114979607910319376892000403165004672992914123444694139
1930009003238457859928371785571626931279894870710205972845262932620568362109163493097651015367654168473092030767810463801749480072646475373876726884933
1807450227243266856893125979423910544428290483082126375446459634573397288380409601595805819704288993277025365556673857688815388764260262794713730480262
3134741968927733613474444401904414285635531954345235078063004248831928051471924584545176802243541260248983351354450486127807445784612492533899465186804
2460574628624253001143355972667036317521296425811269431122321229401307213219614331660630031416134544694764480526866724799812983133871057050289417152214
266907445391674136103087341917564160994752240663055332878694053213436508876678806641634936000528267439022301690210060059081311563846549255740928854590
680271159389338921615273067942192289262941178500037019105711340493690564373810852910506671203435339210878126645034441559818492247558895746180326143874
1582595804477818360267224829279240534611886682424862167080648280991507265237333199506482082112090853281473582459618212028830183673301635912478848669625
2535766307609171861342775692872307225654838314073711660568646836600269333359105555204878910153500812709016523658331630672147469981430476082854998004274
631583535993347572712549645481897523788377787831239627239801430075512604837620358402047163261330858980622799246323137625395686748549059565621426680507
1795274652823300214738617404748911872431097971396202636026266725148624793092747125090573507775084487196631324755964980593835259666917105352944741768390
2992285453111063524405231886125654725110105407139705125909529335687636700852989384062995987294287167244835751489065483661725741530503407346454616663764
1362134200790832398189224690176633615745267530059338708025696719227340891346621933485507726199777677154197244712891928468822113643963116188891755292035
268151651829328788168319443495926422912512865130735875664464433492370213041016061945298755816909615068383387445515692373102406999471770142270523443157
2807291838065039239405276352264598242656634224551844269631265691218967403204867264707786231785225167618539358688476907332336798433436007531363404498825
141936266021647144752359235879605125707235146393340981580820503872253613099397470440906116105797869042084650676529297792579945332927184423142262914023
2500527097849200192202183485557362295209790529568203907865282789958143891852236296286375874623989986506052657742454346012708901441091043327494950417346
1054869551749024202592587201934499055976503455596308296199659204507979261898604589208211003971216585682535856120472508714483547412874430764089163753200
2944775138419125844899047605643284229897671509664411113072177391740094486970690789542345141465748909992114635515223834051918978676582270906629316777640
13581185668130676313604972494027556594324228999422518275926511262795061101189302618435960788513321961535438151803968282226420265497463305756260207848
631875230739872112882911302673414190469670680160053956370902899688746734220103684996208183960805808439139401479229524309774570524333245915115881605569
335445216099126312064329116802424253311984586461345268303565158664621340046679921856183093229845641471725404741105259947507909622063356101406093176688
936549404835002880341313685251725475271481950814874820564307033168662609515322787338071797835537721183128113680984327583558938814111218672595828664083
1488800854706192609367412929985497184011976401307459422313973948060615140057524360988016502386786573419435941732284980437315611847613435856801770510560
1072511610162904521394712619388697750896569057357916237948212504457741288190777330476865511850965562353790505592103839193867172586770335018129472846305
2973060980362408306145513594626458211597188832661504166075952009186825995398755336748148193510349775346439592244878196216707153660337920498448281012147
299584215538820778216057755066495515216296479761241923028262877598758160126296990834128940513997801191092163608651771859258012488330254488508484041466
1873171765399729367805228049307748282711075413553338073701583894621863239070832180223294761978532035187261758755251086732961023615722659043645329186265
1929942088612373122677117708145317475612212467769828940490021847494633682350648712870312568116219427755796292768257854328194534227946997054591601440252
434200762413786338692177279334349524103066009443156856372548023019857839724394753120091024749414853334293801456147230987363010606107995795363818946754
714713332472012653069292264632952540956441745366776458139043979320381991946085281728164382016554980041020358322003154049758563602407230620062208991320
721662162714236842583745742986936235240933985820119772703956574638331023304313489573303760706889436935091780305084268358367060877303563257664944531109
1053317314403227749158677090819373973755293098432787990512836407285100420098883869734069887628465092438036852643376727951271245728522275573986780924089
1129693203617380792378817900952904291085923537454571715292577656280050758998970787557586364285466352674676692123554827119914590034478584940592016374891
3258097579310671049410968676328299215555161513044233799397700424704412042959555196479836725818376380365168129891215974214614996006676003004692821531062
876572434481612257656258298846323186195348891647736797095341933504472941953974599410491199595548453569895140397654296404955907821026638537552439537473
719343608730679547003111316284854422559803364453609670449050912667273313982672383019428214621060847172534457395290405424935597200646814935223506464329
938997276635347388040795978392521756816353345465458729428735547737844983167456917061773629555742612534291514951730550951302029038873649013839271727643
1580100067427774536563618068803485702000767369391406355212632418079272281273071362293082987356771117507768468850465176324825454242500406657413348172041
2031943025810781562220144443960825260002479588438868936269701003016551453102095432196971637995428831532670288285108332801518669312184177767391581517867
2528431437345416487945963364676642529664003354350235268170350487792202058936485781713876598118920826129213529401996991157271935516989112772679889386859
1188286913488177103109972628790736408774636519381346077604449896912341910573710725298412599114723262848290811367257575443299347186556576519408553599488
127441163654595495089270065684319673614618962096288326583093824862619816494231007279373016833535529959114379434045033023341644546929451466962119056048
240346106526628896125794751185699300505093346809728885629341973765906172517491204237676057915083217573465195202994294718076257858507915036957508818014
2147136620485956120138139759650168234769564911150191132814776283202984609224326600873353203262472197510905438189077276360063298687387815374610993797039
1698041923810462121202960495557869274169956720897650506187835154436364669159698728105778652974920129318584266067934810329407907907907648950124490687764
2557784105450335908911838920931356097880383379295992615604238940228242575198150848308928089597494303818239032820625565760553154133298518390377657459153
1824612003688827823862404609841513913139682709001402909202569648654679925512094710546477299001240250767016789360089277201595642037387480646013045698614
213402455559666090509733854270163719436487218075260704798508142179655328452854636068718852011250179702360424481841344858520318025510291325894888342155
3248492152721003634354618942280750215754953963712426112977222514226938617915736327532920209352657901535326440683112890144841623641118436814417517386720
496251296077908281834392684387552463706464038391901164410575463391278876390602826584794502237833131047476580523843146595057519317718947543044862007274
2490342441232115064635092740484408131668576274395022514353197908484243449734883436644950773879899943596350386208786898108357479833184864331804084847402
33489172736753356805373146062396205658172546984083552861239235980665321955212754793155893585597433558084637221384810586142154656114613521299241064427
2494597443796075614279191649215749012698633355782964711453765407443978942602305092268331948608591136477191184645459049441998450175504833696799316170666
1478046989164347134897101607707126314988140728355931655345228556495789694183514213861501058537940416999041476042696763866704684469901682010441333869580
52098862415144336927373131999756458762327025050819063693521780652393445502693298598947613314502356867605791513641467775053964600756734295755221583909
750422052050996397440778392438557660469933780205866060803910395444783981506039909538889444852562443018208144772892435287830675930431882126347018645709
1764271462663831321494908176522445060165437497151593067146127731727761582375613036860639525047402140908769779527880009805997830501484511998643741491007
235110649592554765949788776060309596761228763506341903357485715202590880846427635389489953700561077840872346424877960476149767562909654228285729323974
193020768758397824111476889190892784844963455237874545618836420934200045147284854321096249443803832438016829659650675926411167727501718679182549933698
2760310441948105974794076802872295080013015151482999627999705729034064665959811781602727520449130743128895989930373083014648502507963679198602834758485
588727769710908549515927158396723036861304007046250907333208568954823009317621774099499679167516203900685150784743056728970466465880887870862305713909
1454729681335701107599821834691460024427585362843305296904091848434308139170940935281572807179141912074634952031520546719801840608512147223901415037858
1337611959142298280021066909063315677813216353425761967144285584453604976282786606424707174960928389282020411904145666749452947812843910315471434217660
1047504144019209615906264325611046803364400400356184941968064303173384438931552340260523693626751632717455798574446468247853202863355403909901907541191
1908555007281600279820671231905681141043028829423131192947204431658181798077351582033669166564174928081359899893202395313645231198453201038972452268441
986189919072442080018649777818021094705216426669119122110714123254821418415916606731009944346849346847539474074721362337725166531952548668040239523107
1292837939044796514846447663171825286122999827426028597997417439812410384458183670735102541537345492777009008474164794108022560178656103117558050141884
1313197366390356005312043311113908340475585642281757013044581842049817380162441194739541253588713033327406190580833671043658682612875476102359000685854
1415415165024179058068984146796379073505415497769364751287410174455464612976072678281017411995157254177780719900854757030337366882706029454766976394401
94094101751374401250000225641144747748611349276242941265601085935660677895214965562106962960904973765408392637743857193208237271360298248645862496674
536852677007690751473014355409990006648461360224285997743455418032886965568461058866211396052711740983119130133763130419157064850986595336054159388123
2026493655119525538633312158968717867198786234642574659554204206487903478409552336388855211698400872392300416406704675266931070421364555934531999779701
1459300635189570987740767903413848559357079928575212119456247129612337318877557939290118849265013891039551368086699663972103131600224285773605868574450
1568541915826374514394129845420840560761922467574364498791848105473277173681038310242956602385519080977355191201330224176519216501912360972337023837380
167533728037597155279692195024865280308214522071020846108265876979860504741455153773857182291808287915339337252464066258338203510457644810143979308935
851774991885803462238905642579292667020189645032678912851110840295222255811245600492204889821110521428284430657255125713162935758016778491716179222023
2414871245394605268816148109358024938868105915639944519041718319831143505669579137734882428114894162766791543279953013704708033762128376878575838813554
320726716004160845443721030765435236755606617185153673888317851819924759027158350619149129140122642141919358475541198034320076156733676426618250058062
1344497774070588222141710177552110106046242976006009365259998532781793641034674576632425629755599172773238592083863214457210314633422267910966511168788
2461019783624706352526406388566138386658680729074489220471378724290478981379554043570118376025530817357863481838197141670629790072891672368197288526180
1740472858808086880995978879702487095676271922042472117245713910763161981934679229705529601906459472569041150198861361619530477441631993767347725509959
2616737115985224775766793408637825303187902667903370920769486631734201399122615104860895227356999917755107055988135944443046292878896141463505394289048
2683532320244877127317879313771268012115053308076728086910758707940999853052752504463961667626332041261059843551386717189764847279296345748351814338935
758531564503942651772951318275608206917577358371053634554841315862612941441473231729922492317143819120668793607164815918055302953369565102032900311447
2820818524803145098984429866115845816575647466801210963899156300230188222032254451248804618098085412883991741943180781138434669989575096557865947865869
1753604736827213191882639386514348580441440695759627980736358489930300913575920936867371887947874734071305082074507279145382513017557053880626819679931
2161236595195997062315463619368306490453172113144129603573562699452453276583399741179586509988630130496301458693962761017940154339746903551039409770832
1005797766194931500494402704495091846941072302901020220613964979914210060709457679195688337915882789937143233603047697328631798647185745322502619116802
829124180279105193597628059313491633531879309290416665867064047053554479529543023603651453787774223602115617128389760937355340509608744752686413105688
778723907177605812780035517892292080131449187210957675407244215727381853158770630650087365247304844053679161327696611664387100975295226777861542888664
1285179981314774301123056309641838910561040615252419051192441588338258605004006979192984124756718492807285202123930952766222716486371229786684101399850
2034950059460915547632497481625954585761519901394564014843504050821677902663775337839583376020165282484723272322793216239579220124815038317109443666081
492880326262639885028184649867887938866983060290025382467799403339447936859974078533540858877183639109539204520107393150036691911677576844907694813406
2165174531874467895123484211684295667800634869755437645083243581545232793824418146742712222332010805702206859146319155734570804036169786035788170768662
1930638232074646469817785528349675945351275460917064613611516296336327185334126086262295087272172494730382558425834508776131520319461392230969501318879
2953887974292142066733897545303229068779474490252225888702745242763148255838855012029197907319185857910770110643750463699278169857109411229380990543048
1487008543061645915254899752731908423663856435346900965996578393833914376829193151107507956287562769676400551271468747193005212536663244220174419607277
766713200946562231576612399418448833056961714940354911080057317114583910530054362969116339874049404916974610373730336030004964267162027833515238398568
1624390975004505752290721988797970917594612422033182681232221655643493098904958159681827566312301353895556711699458246911054184377048222861984953138835
1285785570734137851919319508058354357152844539874952859147179704007690899214428413155764562388854303728941887059546630209527188650674239095640931634301
1177825228070503682004183629425376879621063073531368237380341940068190404297844859260897439227825313247840071171682147117039179293675011652988602824943
2946653076306372760345810186167345907414485894454580992865921673694328797129657198371887711589102102195124214331319996817705170130485400582224788193266
741097565312255104880422786056113769913413563939761420417454026330692725892928134611068100259771324761045320896015248369779687096096339190807853595369
307217228119649356473188723691079190690801621519028862098518902599659896301659920246754285084185010778101841455932444274014886049413187791463244776242
3067836670308808968188023593965800823709607445583435307202832190396295797138813811663091445531617532993208842275849709627326341635105164214971345186045
1155075473039197481762319186920486626078615708697889590270486967685894554706760923607263398600944177465283577590396823053970146933807294805568552555348
1590773849912381661785519146235357358210058752581569770379922588623998846331989849747320089398965787504455489873485448702038640204488464659721377146684
994612694269835654075837325099176400281356885129766413735519418380744063688113706076637556981664640449014752417740488923231012878614655877777761274223
1858427857131717097475771951283819780166775885609666023039581750925672757102721366408780858169476703278630005878995293698196788998675073105690437693307
2978377352213996970926832127072677628964871517682628336355573446662290424884236602839647180572735909002115029135779087882117274906966783978210778961394
2959195747043072075652596979036922128473260137892441866314942512482176907114879251649403428309733041772199875663060256780314145031192798856351765913185
2380100224985856177089790848281032285821185430829841621189513805231686317962277230656003556026218672760144782362802745770967839191823297292600146178792
209024385758551417117776221994735957932858913012031406796027360273698914959022786736322361844690594717489719694336419037668664991066191939782265816484
1823378008127936041336195995851322689804781978532461101902207879993530754187457423225571155227765033675313642314032611411204913295801575603439114041164
2577131983728790469976806928736617312723819020500298756016255247952273216656151134175295083792745125826290346131200670009586989080663443624156352412868
3184397845153589075402369915448857873145502301453066947781980022238023387323043938846485350358604149534477359593163778221477345666748445376870436382658
529488328368035975732394133028916255281584204330826271070225243582680168375909802930930664654425581835807884728082965419945359719031706834066319513484
3136427513667603023133767512512329500842978017680371834547639903249536851586832950775069703930694359344613119362751677861324022806521885000235212328512
2231186528991325185531451660169814205821096793486927252890632131379632658855406382073926711032015626088810247486219883425436068538062130367855841948839
3019826446628953464776780542884601370201584456958334473979519265393796765490167865170437001082256415047514428738859559745573541360620754927030097180423
553893055108549339798281975044723487939157470794231745672334461626554205486281671438019514889440442958684866756005672558945186887866396888604265270332
117742284539469973829083433098963183801235139899393627842056238415375568323562283101856837775933391510824291317503967932465058132247299562453719867268
2244062368395769917162807877827376834127080028117981679865291245788101278318986440243381506663072311085586756823231269105165301861067468648380828023443
637228614432875944147376841987066207337740056953781458933863363619785870645699366275572871859323551694856116583663002755337332818230822252084253604025
1032318705403309263279175391908427161310512227072299700900573253465119844438972429482056891451245118325586056192149464672536443593025373726691979480328
2187185718073293221507140763946977991093108532443439731663744200839301622379845717860346964753514664311299285854199395053536322509650351771459918844434
1031199736205303280699513031301352035048672330111511258904718446417787924851633743818823665207723000604300404125394189998812778635417729671555155233227
338776883549672905965599456467843531325803293116408882767236764100045304529907515973345909411957440519942017123534261888838567706923315294542822516717
2054290326684969193111195434901796895537410478194322296665810961858870655011506899860485626875281853377034435235124725538649818660728700639054701579319
163416199594339855129437962473022563900394167197181541380178845290398475169697656585382232833516476836729593413986417288578939690496190967681241100878
2151395878846106904650013041291288615415562551743983721042357865116709552038103849256642296947011804599713182160179982484833255589711495586099266966033
2271032873949384229176447004094547740042616076093691253977132011732528123724559677977138554409617618704951150590920475248915567326376154478669826204976
586455571550231101916928238391104756543427953084398090515753826601177114463657934976432885812562685475191690458842341364034318719962859687183947952248
2649870734252213024022823080307992668106296691544250647864442336506722533363075887934617006107255720745428942751517086364525089794980464569343224223658
2669395661917060995607765393672349594618040941055732679705122680434753483577954437929213099245826167486998561631426912458396397483472276943222757673959
2745977506287880673630659139944420458481418939900256097952517803488916423988004457112132499160905913140019855946656673108382405783812382197131956109461
460873348150741260258962919649734937150516052423283234330606195871420900125946829113691423416497821384657322362982947905771081506812672513975498275970
700866456802787198600821425017060061010460864708253797525678737709280650334570897247423192476496357910680694975420788035152821113437253115276254278550
1807628114676187561449061394131499854189953152094375202169749162948183557013528873665662610549116598919080487142552922425704694847816674156251408126576
2241161112866982672146446521959753911054747324861544983735470596932641046704998725026463693205899845725597599746806567904124407771132482346660173533717
236474249820657570496143478109592063030878098743651883155841797698414425422772157883224485410397207078276856507487581992149395934970559634345857948465
903093001458394709263201827366984055791203203586035811247495168307353737232049514704282008991717805885870718317613197024305892986790612790014899876292
1770544780832106425616961586698735779794548118926524651376199218732730868346389900578934903751033763643287786050464913677021652208336127009979567391978
1972143554808343845015183095292162608269615763350027108161507005480162711857340227200140440651671679452896360235350002777214865486013384895963015328392
592825746437871931577779476845089163191493074249328522501668340054195929941325300193253663906739156153099537925239865266917267733000521572286088842591
62322410623960075507465636109534867207200859085738569291321670415017717567445370638335694488526242843095860836080695934514846239516776282090608004851
2123146555873867844138021973723845055106229588818715071536403829909061594262156087089329095124743237388021823134381365222485834377021800097891524587248
2976765168010434917959511421927983117547851472766694114029611991874550662085786190724467184387925329611252869327816468550657875267657149734605946184043
2123708706829727743884004725149927278929888942030110962502137539261953864981765961810091683872943199280092391900323026574467848617652987613491113335601
925263343809656499513985875911415799791530194734115462373384060250299184260823557069288244079027973174933011925755535953839185363650732162348954013550
2360264320572226299025232555723997547448439207127760914595749320440572716019668499639578449906999350504063833591286934424043864917670296350868351473257
1321954337993427948110356224717442182027143365654090042448861328649399760097334006824807840007619690634093992156478816951516931049814757198280208431704
109400507661926532128888681040315544364116135268744248259547984643964047907842247710144541244409045284092332212566035407483701228634338738057555910657
2975635702092853668881014961858900192581764946766110389840463679166960388591192366293251362208850565082760119450368596122559443563609923454141895052134
1488806904217068998999563653125701144887931988340290885166764530513784722532104005714561020730432076260613399184857619490733311457683882546615355204282
1710453367785791916306375555567536815768446050120839955781822923718769957117314097620457690877192962072686434128258923222091717153574694725582745174689
1309769464493644268966148496946686189166782346230010075021543204710469698093620446267742756196486031133072052571524511036048162526284168241783470751010
1846233306941046613631225644331049639291590167287524078068744879068466323346104705524178594816134064188272728067393646195292586119970595134719905463221
1442376529251329689940457816109145843979871001158973255457177871769039509228592600687919740199368414017620886492488700988841435589344149750051697247854
1045670860076005497888257872394288439849795096409488610934760165719098303184932565709716228006387698057564626777776877381773645528217138398936755925449
548288786457316380256069565490325229734328642757732684143671390768490622869789898484361293793721247246619431578177359217871938488838924701505973189393
2764374086168960002287179029031635488426432840986998871322106663179286806377824863880948506827293787787831735678776704354860590294293728761104463255731
3035029204533696592314091390560211616377808684352676787521935121732886578111822190446774091337420255738784644805809712943639252930369608569797052161675
549213355765316540993985213941188841861532455057893670948494017943853767651474230602439025901987781679287529927449346461164225183743300935277059642706
3142791529555910320634820160474551722474160852214946323353472375629566634118772099596175478160913848492247915812061328063264315834998325688310735457905
