Matrix size: 105
Generation time (seconds): 0.03125
32441506903197050293593859959614
26845853479053826491012536638329
2137182672896439385637533181421
19463747113216106281741086115753
10951655183923056338637934857031
14377953684366909603678154713875
24850111712403650629845941170861
10876680713399912674446135801475
37786030097077202847396591736012
39759380452095460990196580039129
12382890055751047811347845886039
15361845782195546956830742457574
956823834947651819908025334138
18871681749253411494134247270192
18798064981239237613799032737146
38100803039842652788568797020562
17935232326775021628308690539461
24480164044661557860307156783970
30807527061205992695009044014719
11054707969311978732561744548898
38090553884795734547961310009774
6627565402967265386291567839764
27292412615965455873906687867304
21361769081057523250053183034999
13040976911755589236427318536871
30293286442049322547370081135171
32845629312032664986823306087426
20404797975309971771926138083997
32218666628657710316611678162014
8212757556307769677279687530089
36458316639389665618022398332179
35118259576113928564991834322029
7565520484985876337620668545321
17783293048087802857262721313050
37508820523633044327975959388237
20023300889659547047671523535908
30377568927156064291105015602605
11462603200942059536751566289927
14696410390265696356174392890921
24545098017022319338577702271930
26806066561940225776247777130592
21607324699714666337068527186052
8682776196852841988016885560502
21242207747430437085578174853663
5080757976841366288378502523566
3114940189242996354886950486669
27846947671252253501794719018126
6331262842288685226559919890963
25904618799742103773532952622016
38332163124920371046592686073717
13182684808888459003181978261651
5144613896445333348959755848501
6820850377828969366460407744029
29922403415848255099473861554011
30042296308153585787637584947456
16966143717108808441414042381775
27652133872003124602026711555753
27266975436970093192820744097669
27043454891843904150403832046426
29095857984007398110367585477845
24413941539682940163103406144660
26981761556397743651106147606000
35243717805079151405664365171874
5102579105561187450549612857512
25354134917364543551676738779725
4611180793988277757620807955011
2654840928012581881662970568636
34329651991170285902611672777574
16785375347866201514978266427039
792310758224327714243756930435
12051575904293193072081976276225
23974171244743499481148179386872
29294586779695216627472443095146
13267942556954978715732027332411
22592928811680126880752181965924
1639597717059155923208443651613
9501385817194455618367117379018
40348750901955393555849136371569
9031627243712546947165752585246
25863384344101614541235207298142
29525337850273850152879327628718
20592497620831733353986915254765
37823917567548537672141558934837
87225617787303900352327314029
24966532244350326984762687409884
21070132129576343295757320448873
15816400641899325617944729946692
36027153513517004394685675449079
2140470872640178692428466878514
19284220278293973842630563995761
18342114130225570746831794024394
23585864054889670569469566000111
26836032909803898530756862755844
30406202647816659038593015909445
7573650397631967998997234274085
20657227525738882960304283801495
12630410039989064504251105568770
40533173240475051116991425959857
22074981515034924991334664607847
32404346431842316720221138607482
34616644421829701652450652175876
26258358356439100551279789418575
39977378308183024834027895799128
24074915027746475594111805077335
4102023550228490610214603897684
