Matrix size: 100
Generation time (seconds): 0.03125
428731857876482454451632330451
1010966954049392769900393730694
258460815331829974261862762137
733090969471633127894758418802
947932956070977147994495423800
455549969998702966742664963627
293692338611841613620237261781
963865269935233983587710924681
1247334649207602371781378368856
1188015576876940938595657237521
928515418907905211266185476961
548962936190951741698032151722
99235939398542972741364294911
789165374445272822701782660250
684681344153459750391512961860
1049746241962711380095874061858
1229088009704941595925723012843
895969631523793597203767638656
332817075884074899699924073119
1229999396047718598790278060292
114607820711399832365591907292
442095255463297979486491019399
667487749396294687744306205481
665068815059773480963415166961
1037703556169376497938625778515
886738303023712429590523670639
745968479040266489759704186102
705223702824556785280221451176
1014508005655618139538068405484
863067941305325921931854577164
1127397168348638888171404089848
410302326067445307883103408955
1027242567654810890563700937387
881427687508805680145351866560
112003801764795683585379307591
705589481404189845671492227218
363799623924249690217137473924
1187199136485866475008087308429
22247219366845602434479316769
533469400099998895744474601664
245192600277748654833349906386
34898606227889593100787831467
382624551643562290126072822718
171179078838029968614265357069
932740385523421217891418859893
379604638552936381477864631387
912973331668420304766907576402
1186405961201437979746475424825
1192617769184699043018863140445
440688168224289637817127622056
565083923286525976406679894903
1067334847428455647337755937411
1046553340261812396114205161322
478921284675904246245750072576
1136878938567310046245296258861
1074812685176305245203091753280
338254690851834614886715016653
202041121198582862715992062550
1194813997190974735810336304207
4500634864858919868474801429
617009961161829601245412461632
377532174204429412050661312727
218943807857402042314987887635
1237432658193706383581685931004
1204939031849242482397245684499
347961039735737814367194832999
724391459152117019716865841487
35541465392123834098800976485
1118883916115107391099150882209
218188388907789458223649833162
717634866763515941277199751547
849066631563506372034066642330
300267401495864845098756454244
107956813060907476162450774879
642738763466616703438026070151
535840654647834746981202457876
1190252141722313901749003446451
834914470613376268285508931778
123922207801850118014182416993
730541566298690617070609639861
735548705715267020192949568208
1051616923755724124617576418901
190809622870952757529314714047
1053215461006661545971045152195
1263543421876167410221211650385
763234906311995465924080070796
313315731705668032241515508810
1267609960602833460585022102331
314201884225181338307013319271
659163540466623860325863775717
938717074973229274529892736951
242610345152012393096348758219
496886187936273147598113508825
463994672862488517020029598484
826296886535516598636839840098
840060599492868167710020141681
63853710819813540704040812420
202556713322899403916050849802
1178825037503143455960710180760
990584398865107910938793356234
