Matrix size: 110
Generation time (seconds): 0.03125
555172203963951312655100694138981
34042668241520682942330735812914
963782330958951622689553757468703
1198937418578754821535512486422820
432452846502221898920957499928501
711734683413053240110266959492805
1067912046676820112520504982947261
994235466373246026969742852858835
1274313230596311455444766186960993
870186081637207661997600006536356
868586084692618686045385641343566
713979512799009563740391902732685
976162862870859303703427194293297
92913426552026837499177138204525
495691511076583097754158424974300
655867597926727987403182389990102
3794650248337176833438188426482
25561696235641056028794800294049
956210842037207674282462652310146
937891742117037606045568549198576
727858898180313999346058709583280
794271717037536557275434883480309
1150789299041112877908868298547215
504395551369993631821537678352586
733853784104629004536053396338095
246593228980928869465404441590133
182104031078426264310069279520254
111314069485972818905254505898308
556275027872000753608840354051251
51961069402098822219396161638200
916086740181882586897178777239517
1161126282496373544348974021504205
325835878204591950659815736613099
114221825513524260989940466019985
994522367907384482777749314892581
132775651715117023882585708096152
817146525622019461073902037419550
341013786300978867907709269737101
1074960414016036575622727199380616
1292680238338237124189972911144565
724087323419563585263596364362386
936570115361150556254337571374687
1013980618597091607409606746871605
1029967083783779280160463206975388
1296796544708003407883577522371903
979290951013811925509818893659504
1157152343198946460040720558997041
1008693332118461874695546450157151
580186769619980342414528920894040
461073655258874432061393339828213
892289436502823928370306956467639
115361572860758156352688990860514
1029546509284306560616720749433040
826457336271450207198617739136369
116034746877474192127079432249029
678698172577723538317064206134527
793059797463418466021364621691062
1130451181630178223102138319687548
344148512026408691098489224242041
1036915145292080728342828662428680
152133735089106414835231278827974
105581358155946002440159110192281
1131467941168580798016123806657452
1276768119538421642937515329435783
388335050615898843751191507115873
155375971456174703874533230738968
118291845927842655076927333951573
516178891551858990048134560608349
1227041406650662177433884933374911
845307525691430506796921168690021
965972479669877611855647646751564
390272982606034349801176856185817
553797048046664956282825978935537
733370678823396488118408499948927
318248745410011031255130841861409
933056493051176899442089235691715
713964382028339084181376865530480
1125787137908854735843981236042500
330392017554967258575877351754560
288734191182256490145075469478842
630352977343715937491992317427206
945082604743684734416681252667050
428240303263761046331261123400272
137942236500799507791845418113716
89410162777573397657536360778760
527762236895929361413833565984561
646138656979740071480291946545035
1274462073569977931151084550410190
742768253303814211335142261992554
1077880227971465291423133735984055
1276204330360921865183392005593961
301487754800114290635545494901484
416135917933887314199585891399478
29968792063030713039931466107480
435929009089471496943752750897149
990331156856364506905305670852251
967011166267506515803116053739413
710530697844661456526397512817012
336149535701991755943171794237367
508790457079574682847950575449487
894798737670006844274793602565371
449975680202120712000377350080700
890113374953445688347770285489276
195832635930158942395460904970843
8169490815167877440700652707782
1294752823299760664185017701051744
582131185436460439230735722426881
544876897068335479918692648276573
610805218969601676361463985768618
1098498478114491921464820380548671
